unit,cycle,op_setting_1,op_setting_2,op_setting_3,sensor_1,sensor_2,sensor_3,sensor_4,sensor_5,sensor_6,sensor_7,sensor_8,sensor_9,sensor_10,sensor_11,sensor_12,sensor_13,sensor_14,sensor_15,sensor_16,sensor_17,sensor_18,sensor_19,sensor_20,sensor_21
4,93,-0.003,0.0005,100.0,518.67,642.24,1588.28,1398.67,14.62,21.61,554.07,2388.09,9054.9,1.3,47.58,521.54,2388.1,8140.33,8.3856,0.03,392,2388,100.0,38.77,23.3528
4,94,-0.0036,0.0004,100.0,518.67,642.5,1588.54,1406.69,14.62,21.61,553.76,2388.16,9056.18,1.3,47.34,521.82,2388.07,8138.34,8.4313,0.03,392,2388,100.0,38.85,23.3703
4,95,0.0041,0.0004,100.0,518.67,642.48,1586.25,1398.8,14.62,21.61,553.44,2388.08,9060.39,1.3,47.5,521.88,2388.02,8142.43,8.4065,0.03,392,2388,100.0,39.05,23.3431
4,96,-0.0015,0.0003,100.0,518.67,642.18,1578.8,1406.96,14.62,21.61,554.08,2388.05,9059.77,1.3,47.36,521.8,2388.07,8137.86,8.4226,0.03,392,2388,100.0,38.9,23.3729
4,97,0.0001,0.0006,100.0,518.67,642.95,1586.68,1411.12,14.62,21.61,553.05,2388.03,9065.08,1.3,47.5,521.96,2388.06,8139.63,8.4375,0.03,393,2388,100.0,38.84,23.2882
4,98,-0.0011,0.0001,100.0,518.67,643.06,1583.61,1403.34,14.62,21.61,553.68,2388.07,9063.37,1.3,47.3,521.65,2388.07,8144.29,8.4055,0.03,392,2388,100.0,38.87,23.2429
4,99,-0.0005,-0.0004,100.0,518.67,642.79,1592.78,1405.64,14.62,21.61,554.62,2388.11,9063.53,1.3,47.28,521.35,2388.11,8133.9,8.4113,0.03,392,2388,100.0,38.98,23.1897
4,100,-0.0005,-0.0003,100.0,518.67,642.67,1588.11,1406.26,14.62,21.61,553.72,2388.07,9061.39,1.3,47.25,521.77,2388.08,8140.27,8.4332,0.03,392,2388,100.0,38.91,23.3289
4,101,0.0005,0.0003,100.0,518.67,642.29,1590.1,1412.21,14.62,21.61,553.91,2388.08,9065.91,1.3,47.42,521.3,2388.08,8140.2,8.4383,0.03,392,2388,100.0,38.89,23.3956
4,102,0.0002,0.0002,100.0,518.67,642.5,1593.07,1400.79,14.62,21.61,553.63,2388.06,9064.33,1.3,47.54,521.4,2388.04,8142.87,8.435,0.03,393,2388,100.0,38.75,23.2938
4,103,-0.0024,0.0001,100.0,518.67,642.83,1596.05,1400.74,14.62,21.61,553.62,2388.06,9056.6,1.3,47.39,521.69,2388.03,8138.22,8.4328,0.03,393,2388,100.0,38.8,23.4523
4,104,0.0012,0.0005,100.0,518.67,642.27,1593.03,1403.56,14.62,21.61,553.84,2388.09,9058.91,1.3,47.39,522.48,2388.04,8145.23,8.4194,0.03,394,2388,100.0,38.95,23.3294
4,105,0.0001,0.0002,100.0,518.67,642.48,1587.15,1406.58,14.62,21.61,553.9,2388.06,9064.82,1.3,47.31,521.63,2388.09,8143.33,8.4449,0.03,394,2388,100.0,38.93,23.3576
4,106,-0.0032,-0.0004,100.0,518.67,642.24,1588.91,1402.75,14.62,21.61,553.63,2388.07,9061.75,1.3,47.53,521.62,2388.11,8143.18,8.444,0.03,393,2388,100.0,38.88,23.2776
4,107,0.0,-0.0002,100.0,518.67,642.55,1585.56,1400.45,14.62,21.61,553.78,2388.09,9066.51,1.3,47.4,521.19,2388.11,8147.26,8.4383,0.03,392,2388,100.0,38.93,23.3614
4,108,-0.0026,0.0,100.0,518.67,642.13,1585.18,1412.75,14.62,21.61,553.97,2388.07,9068.42,1.3,47.44,521.99,2388.07,8144.81,8.4316,0.03,394,2388,100.0,38.93,23.3725
4,109,0.0007,-0.0004,100.0,518.67,642.89,1586.34,1407.61,14.62,21.61,553.4,2388.06,9073.67,1.3,47.36,522.15,2388.11,8142.55,8.4531,0.03,393,2388,100.0,38.87,23.364
4,110,-0.0009,0.0004,100.0,518.67,642.47,1581.85,1401.8,14.62,21.61,553.86,2388.07,9068.93,1.3,47.37,521.74,2388.05,8147.39,8.428,0.03,393,2388,100.0,39.06,23.4095
4,111,-0.0013,-0.0003,100.0,518.67,642.16,1584.52,1405.22,14.62,21.61,554.14,2388.06,9058.48,1.3,47.31,521.69,2388.1,8147.19,8.4456,0.03,393,2388,100.0,38.81,23.2463
4,112,0.0016,0.0002,100.0,518.67,642.15,1597.05,1400.11,14.62,21.61,552.93,2388.04,9072.19,1.3,47.42,522.25,2388.12,8143.21,8.4411,0.03,394,2388,100.0,38.86,23.3104
4,113,0.0004,0.0,100.0,518.67,642.41,1592.69,1416.04,14.62,21.61,552.71,2388.02,9062.6,1.3,47.43,521.8,2388.1,8148.24,8.4388,0.03,393,2388,100.0,38.97,23.3268
4,114,0.0011,0.0001,100.0,518.67,642.5,1585.29,1404.61,14.62,21.61,553.9,2388.03,9070.88,1.3,47.61,521.65,2388.0,8148.18,8.4342,0.03,394,2388,100.0,38.84,23.3543
4,115,0.0017,0.0,100.0,518.67,643.11,1584.82,1399.39,14.62,21.61,552.89,2388.04,9064.63,1.3,47.61,521.77,2388.05,8149.17,8.4147,0.03,394,2388,100.0,38.83,23.3361
4,116,0.0015,0.0003,100.0,518.67,642.57,1587.97,1409.77,14.62,21.61,553.1,2388.07,9063.99,1.3,47.49,521.75,2388.11,8143.24,8.427,0.03,394,2388,100.0,38.88,23.2845
4,117,-0.0047,-0.0,100.0,518.67,642.97,1588.0,1409.2,14.62,21.61,552.71,2388.06,9070.89,1.3,47.32,521.82,2388.09,8149.32,8.4302,0.03,394,2388,100.0,38.9,23.2139
4,118,-0.0015,0.0,100.0,518.67,642.45,1595.31,1404.31,14.62,21.61,554.2,2388.06,9065.88,1.3,47.6,521.78,2388.04,8144.55,8.4114,0.03,393,2388,100.0,39.05,23.3721
4,119,0.0005,-0.0002,100.0,518.67,642.81,1587.57,1411.87,14.62,21.61,553.91,2388.05,9061.66,1.3,47.56,521.37,2388.1,8145.98,8.4816,0.03,393,2388,100.0,38.72,23.2425
4,120,0.0015,0.0001,100.0,518.67,642.13,1590.46,1405.88,14.62,21.61,553.5,2388.07,9069.1,1.3,47.52,521.55,2388.1,8146.54,8.4146,0.03,393,2388,100.0,39.01,23.1853
4,121,-0.0022,-0.0003,100.0,518.67,642.58,1598.61,1403.36,14.62,21.61,553.35,2388.09,9070.9,1.3,47.59,521.67,2388.03,8144.47,8.4659,0.03,393,2388,100.0,38.97,23.341
4,122,0.0003,-0.0004,100.0,518.67,643.12,1594.36,1405.56,14.62,21.61,553.28,2388.06,9063.29,1.3,47.42,521.2,2388.08,8150.73,8.4275,0.03,393,2388,100.0,38.73,23.2929
4,123,0.0007,0.0004,100.0,518.67,642.56,1586.4,1411.81,14.62,21.61,553.42,2388.1,9067.29,1.3,47.59,521.67,2388.07,8144.19,8.4384,0.03,393,2388,100.0,38.89,23.3391
4,124,-0.0019,0.0001,100.0,518.67,642.64,1587.87,1400.87,14.62,21.61,552.7,2388.03,9073.32,1.3,47.49,521.33,2388.06,8152.25,8.4403,0.03,394,2388,100.0,38.99,23.3158
4,125,0.0002,0.0002,100.0,518.67,642.59,1580.17,1404.02,14.62,21.61,554.55,2388.05,9070.65,1.3,47.41,521.68,2388.08,8148.95,8.4458,0.03,395,2388,100.0,38.96,23.3211
4,126,0.0012,-0.0003,100.0,518.67,642.56,1592.43,1405.07,14.62,21.61,553.81,2388.12,9072.48,1.3,47.58,521.34,2388.06,8149.92,8.4565,0.03,394,2388,100.0,38.91,23.3087
4,127,0.0027,-0.0001,100.0,518.67,641.87,1591.59,1410.29,14.62,21.61,553.36,2388.05,9074.47,1.3,47.49,521.72,2388.07,8152.75,8.4477,0.03,393,2388,100.0,38.61,23.309
4,128,0.0008,0.0001,100.0,518.67,642.77,1592.21,1417.91,14.62,21.61,553.31,2388.04,9078.47,1.3,47.79,521.41,2388.07,8153.2,8.4198,0.03,396,2388,100.0,38.86,23.3167
4,129,0.0026,0.0001,100.0,518.67,642.3,1589.44,1403.6,14.62,21.61,553.88,2388.02,9068.1,1.3,47.45,521.31,2388.07,8154.04,8.4495,0.03,393,2388,100.0,38.74,23.372
4,130,-0.002,0.0002,100.0,518.67,642.28,1593.61,1406.21,14.62,21.61,553.45,2388.1,9075.76,1.3,47.48,521.63,2388.06,8148.92,8.4323,0.03,392,2388,100.0,38.92,23.4297
4,131,-0.0022,-0.0003,100.0,518.67,642.81,1593.8,1399.75,14.62,21.61,553.55,2388.08,9071.08,1.3,47.5,521.17,2388.07,8155.09,8.4256,0.03,394,2388,100.0,38.79,23.2136
4,132,0.0007,0.0004,100.0,518.67,642.41,1591.45,1409.15,14.62,21.61,552.95,2388.07,9086.47,1.3,47.75,521.67,2388.06,8153.64,8.4385,0.03,394,2388,100.0,38.76,23.2413
4,133,-0.0006,0.0,100.0,518.67,642.95,1592.11,1412.36,14.62,21.61,553.82,2388.09,9072.61,1.3,47.62,521.53,2388.11,8154.88,8.4652,0.03,393,2388,100.0,38.8,23.1877
4,134,-0.0001,0.0006,100.0,518.67,642.82,1590.54,1413.59,14.62,21.61,553.25,2388.1,9082.5,1.3,47.61,521.45,2388.09,8152.47,8.43,0.03,394,2388,100.0,38.77,23.3469
4,135,-0.0009,-0.0002,100.0,518.67,642.8,1586.98,1406.54,14.62,21.61,553.14,2388.1,9086.62,1.3,47.67,521.43,2388.03,8155.68,8.4922,0.03,393,2388,100.0,38.62,23.2783
4,136,-0.0009,0.0001,100.0,518.67,642.88,1588.88,1410.65,14.62,21.61,553.84,2388.1,9080.72,1.3,47.76,521.58,2388.11,8156.39,8.4835,0.03,393,2388,100.0,38.72,23.2597
4,137,0.0021,0.0004,100.0,518.67,642.35,1585.35,1408.59,14.62,21.61,553.73,2388.09,9085.86,1.3,47.39,521.1,2388.09,8163.63,8.477,0.03,393,2388,100.0,38.77,23.2531
4,138,0.0001,-0.0003,100.0,518.67,642.62,1589.11,1403.15,14.62,21.61,553.42,2388.09,9079.96,1.3,47.46,521.47,2388.09,8159.62,8.4499,0.03,394,2388,100.0,38.9,23.1688
4,139,0.002,-0.0001,100.0,518.67,642.51,1590.51,1411.62,14.62,21.61,553.22,2388.06,9084.37,1.3,47.45,521.29,2388.1,8160.55,8.4225,0.03,391,2388,100.0,38.74,23.3399
4,140,-0.0014,0.0005,100.0,518.67,642.43,1589.98,1410.55,14.62,21.61,553.09,2388.09,9084.41,1.3,47.56,521.39,2388.11,8166.82,8.4522,0.03,393,2388,100.0,38.95,23.2221
4,141,0.0051,0.0004,100.0,518.67,642.78,1586.02,1408.52,14.62,21.61,553.54,2388.1,9082.87,1.3,47.65,521.74,2388.06,8162.37,8.4545,0.03,394,2388,100.0,38.75,23.2515
4,142,-0.0003,0.0002,100.0,518.67,642.15,1595.19,1409.14,14.62,21.61,553.18,2388.11,9084.27,1.3,47.69,521.28,2388.08,8157.58,8.4665,0.03,394,2388,100.0,38.83,23.1726
