unit,cycle,op_setting_1,op_setting_2,op_setting_3,sensor_1,sensor_2,sensor_3,sensor_4,sensor_5,sensor_6,sensor_7,sensor_8,sensor_9,sensor_10,sensor_11,sensor_12,sensor_13,sensor_14,sensor_15,sensor_16,sensor_17,sensor_18,sensor_19,sensor_20,sensor_21
2,259,0.0006,-0.0003,100.0,518.67,642.78,1597.65,1416.63,14.62,21.61,552.58,2388.12,9088.69,1.3,47.91,520.52,2388.13,8153.52,8.5312,0.03,395,2388,100.0,38.48,23.1053
2,260,0.0027,0.0001,100.0,518.67,642.94,1593.51,1419.41,14.62,21.61,552.02,2388.17,9078.61,1.3,47.94,520.54,2388.04,8158.73,8.4766,0.03,392,2388,100.0,38.44,23.153
2,261,-0.0009,0.0003,100.0,518.67,643.69,1594.0,1419.92,14.62,21.61,552.31,2388.09,9086.97,1.3,48.03,519.98,2388.13,8157.24,8.4775,0.03,393,2388,100.0,38.58,23.1426
2,262,0.0068,-0.0002,100.0,518.67,643.05,1588.3,1418.2,14.62,21.61,553.01,2388.14,9079.59,1.3,47.82,520.68,2388.12,8157.1,8.467,0.03,395,2388,100.0,38.4,23.1573
2,263,-0.0023,0.0001,100.0,518.67,643.16,1592.32,1422.82,14.62,21.61,552.81,2388.2,9079.99,1.3,47.91,521.04,2388.14,8159.57,8.5205,0.03,395,2388,100.0,38.81,23.1446
2,264,-0.0017,0.0005,100.0,518.67,643.47,1610.1,1424.48,14.62,21.61,552.17,2388.18,9086.82,1.3,48.07,520.47,2388.15,8154.78,8.522,0.03,395,2388,100.0,38.67,23.2342
2,265,-0.0035,0.0004,100.0,518.67,643.03,1593.48,1420.27,14.62,21.61,552.45,2388.18,9085.7,1.3,47.66,520.27,2388.12,8160.3,8.5185,0.03,395,2388,100.0,38.66,23.0402
2,266,0.002,-0.0001,100.0,518.67,643.14,1591.54,1422.54,14.62,21.61,551.84,2388.1,9083.55,1.3,47.84,520.52,2388.16,8158.06,8.461,0.03,397,2388,100.0,38.51,23.1815
2,267,-0.0,0.0003,100.0,518.67,642.96,1602.23,1422.12,14.62,21.61,552.61,2388.11,9091.67,1.3,47.8,520.2,2388.15,8161.44,8.4596,0.03,395,2388,100.0,38.49,23.1591
2,268,0.0006,-0.0,100.0,518.67,643.1,1602.53,1419.61,14.62,21.61,552.1,2388.16,9085.07,1.3,47.96,520.93,2388.15,8161.33,8.5129,0.03,395,2388,100.0,38.55,23.1937
2,269,-0.0002,-0.0002,100.0,518.67,643.11,1594.52,1419.23,14.62,21.61,551.28,2388.2,9086.7,1.3,48.09,519.74,2388.14,8159.05,8.5043,0.03,395,2388,100.0,38.71,22.9897
2,270,0.0005,-0.0002,100.0,518.67,643.12,1604.32,1424.27,14.62,21.61,551.75,2388.2,9083.41,1.3,48.04,520.35,2388.12,8158.1,8.5204,0.03,395,2388,100.0,38.59,23.1713
2,271,0.0001,0.0002,100.0,518.67,643.87,1607.43,1425.06,14.62,21.61,551.73,2388.22,9088.84,1.3,48.14,519.97,2388.21,8158.97,8.5014,0.03,395,2388,100.0,38.49,22.9721
2,272,-0.0004,0.0001,100.0,518.67,643.27,1600.02,1426.7,14.62,21.61,552.44,2388.22,9085.04,1.3,47.96,520.56,2388.2,8155.61,8.5126,0.03,395,2388,100.0,38.48,23.1781
2,273,-0.0036,-0.0003,100.0,518.67,643.71,1598.88,1418.55,14.62,21.61,552.47,2388.15,9094.09,1.3,47.88,519.72,2388.2,8163.69,8.5098,0.03,394,2388,100.0,38.53,23.1182
2,274,-0.0,0.0004,100.0,518.67,643.18,1598.98,1427.83,14.62,21.61,551.25,2388.2,9089.3,1.3,48.07,519.73,2388.18,8161.62,8.488,0.03,396,2388,100.0,38.27,23.1046
2,275,0.001,0.0001,100.0,518.67,643.67,1595.3,1421.8,14.62,21.61,551.86,2388.21,9094.94,1.3,48.02,520.0,2388.17,8157.59,8.5136,0.03,396,2388,100.0,38.67,23.198
2,276,-0.0018,0.0004,100.0,518.67,643.82,1605.46,1429.66,14.62,21.61,551.43,2388.16,9087.19,1.3,47.98,520.09,2388.17,8163.22,8.5177,0.03,396,2388,100.0,38.41,23.0895
2,277,0.0017,-0.0004,100.0,518.67,643.91,1601.47,1424.78,14.62,21.61,552.45,2388.22,9092.92,1.3,48.03,519.93,2388.17,8171.9,8.5206,0.03,395,2388,100.0,38.68,23.0609
2,278,-0.0,-0.0003,100.0,518.67,643.44,1597.61,1423.67,14.62,21.61,551.49,2388.19,9096.47,1.3,47.99,519.72,2388.24,8160.69,8.5285,0.03,396,2388,100.0,38.49,23.0702
2,279,0.0006,0.0005,100.0,518.67,643.64,1594.8,1426.95,14.62,21.61,551.16,2388.19,9096.6,1.3,48.13,519.66,2388.26,8164.77,8.5237,0.03,395,2388,100.0,38.51,23.046
2,280,-0.0061,-0.0,100.0,518.67,643.63,1594.21,1422.89,14.62,21.61,551.84,2388.24,9101.42,1.3,48.12,519.91,2388.21,8163.77,8.4889,0.03,396,2388,100.0,38.56,23.1462
2,281,-0.0009,-0.0003,100.0,518.67,643.6,1598.25,1424.36,14.62,21.61,551.44,2388.18,9089.18,1.3,48.17,519.48,2388.15,8167.57,8.5377,0.03,398,2388,100.0,38.52,23.0385
2,282,0.0012,-0.0,100.0,518.67,643.94,1598.56,1426.87,14.62,21.61,552.29,2388.23,9092.2,1.3,48.27,520.05,2388.18,8168.43,8.5149,0.03,397,2388,100.0,38.44,23.094
2,283,0.0046,0.0002,100.0,518.67,643.78,1602.03,1429.67,14.62,21.61,551.46,2388.16,9084.13,1.3,48.21,520.07,2388.2,8174.85,8.5199,0.03,398,2388,100.0,38.42,23.0358
2,284,-0.0006,0.0001,100.0,518.67,643.91,1601.35,1430.04,14.62,21.61,551.96,2388.22,9089.87,1.3,48.18,519.95,2388.21,8166.83,8.5291,0.03,395,2388,100.0,38.23,23.1196
2,285,-0.0007,0.0004,100.0,518.67,643.67,1596.84,1431.17,14.62,21.61,550.85,2388.2,9098.67,1.3,48.27,519.91,2388.22,8164.83,8.5242,0.03,396,2388,100.0,38.39,23.1155
2,286,-0.001,-0.0003,100.0,518.67,643.44,1603.63,1429.57,14.62,21.61,551.61,2388.18,9102.01,1.3,48.14,519.51,2388.22,8169.97,8.4932,0.03,395,2388,100.0,38.33,23.0169
2,287,-0.0005,0.0006,100.0,518.67,643.85,1608.5,1430.84,14.62,21.61,551.66,2388.2,9109.36,1.3,48.12,519.81,2388.21,8175.57,8.5365,0.03,398,2388,100.0,38.43,23.0848
3,1,0.0008,0.0005,100.0,518.67,642.04,1584.2,1398.13,14.62,21.61,553.96,2388.06,9056.95,1.3,47.14,522.24,2388.0,8138.4,8.4207,0.03,391,2388,100.0,38.96,23.3205
3,2,-0.001,0.0,100.0,518.67,642.66,1587.04,1398.62,14.62,21.61,554.76,2388.05,9059.67,1.3,47.35,522.03,2388.01,8137.38,8.3949,0.03,390,2388,100.0,39.07,23.4369
3,3,0.0013,-0.0002,100.0,518.67,642.07,1580.75,1401.1,14.62,21.61,554.51,2388.03,9050.43,1.3,46.94,522.16,2388.01,8137.2,8.382,0.03,393,2388,100.0,39.03,23.3162
3,4,0.0008,-0.0002,100.0,518.67,642.5,1580.12,1395.76,14.62,21.61,554.48,2388.07,9060.43,1.3,47.44,522.31,2388.07,8139.35,8.394,0.03,391,2388,100.0,38.94,23.4901
3,5,0.002,0.0004,100.0,518.67,641.97,1581.48,1394.05,14.62,21.61,554.14,2388.01,9054.36,1.3,47.16,522.0,2388.03,8135.99,8.4233,0.03,391,2388,100.0,38.9,23.419
3,6,-0.001,-0.0003,100.0,518.67,642.65,1581.26,1397.98,14.62,21.61,554.86,2388.08,9048.62,1.3,47.12,522.58,2388.08,8137.99,8.4126,0.03,392,2388,100.0,39.04,23.4656
3,7,-0.0018,-0.0003,100.0,518.67,642.62,1583.68,1405.76,14.62,21.61,554.29,2388.06,9051.91,1.3,47.26,522.08,2388.01,8141.85,8.4369,0.03,393,2388,100.0,39.03,23.4051
3,8,0.0017,-0.0005,100.0,518.67,642.23,1581.6,1401.86,14.62,21.61,554.11,2388.0,9059.59,1.3,47.13,521.87,2388.06,8141.47,8.4197,0.03,392,2388,100.0,38.85,23.3564
3,9,0.0,0.0003,100.0,518.67,642.6,1581.04,1398.3,14.62,21.61,554.61,2387.99,9060.04,1.3,47.16,522.47,2388.09,8136.84,8.4151,0.03,392,2388,100.0,39.02,23.3873
3,10,-0.0009,0.0003,100.0,518.67,642.72,1582.2,1400.07,14.62,21.61,554.28,2388.0,9053.42,1.3,47.22,522.4,2388.05,8130.42,8.4063,0.03,392,2388,100.0,38.96,23.3129
3,11,-0.0009,0.0002,100.0,518.67,641.94,1591.43,1400.59,14.62,21.61,554.88,2388.03,9051.86,1.3,47.4,522.02,2388.01,8138.08,8.4237,0.03,391,2388,100.0,38.8,23.4161
3,12,-0.0029,0.0003,100.0,518.67,642.61,1583.92,1404.93,14.62,21.61,553.45,2388.06,9049.23,1.3,47.17,522.07,2388.02,8141.09,8.3779,0.03,393,2388,100.0,38.9,23.3028
3,13,0.0002,0.0003,100.0,518.67,642.63,1583.25,1403.52,14.62,21.61,555.25,2388.03,9057.09,1.3,47.25,522.26,2388.06,8138.75,8.3743,0.03,390,2388,100.0,39.16,23.3372
3,14,0.0,0.0004,100.0,518.67,642.16,1591.03,1396.35,14.62,21.61,554.31,2388.02,9056.59,1.3,47.27,521.69,2387.99,8141.57,8.4339,0.03,391,2388,100.0,38.9,23.3506
3,15,-0.0015,0.0001,100.0,518.67,641.83,1585.29,1398.77,14.62,21.61,554.36,2388.05,9058.29,1.3,47.15,522.0,2388.06,8138.07,8.4311,0.03,390,2388,100.0,39.02,23.2825
3,16,-0.0064,-0.0002,100.0,518.67,642.65,1589.05,1392.15,14.62,21.61,554.17,2388.05,9051.12,1.3,47.26,522.25,2387.97,8137.26,8.4147,0.03,391,2388,100.0,38.94,23.4078
3,17,-0.0018,-0.0001,100.0,518.67,642.78,1588.94,1395.76,14.62,21.61,553.74,2388.0,9051.79,1.3,47.35,522.37,2387.99,8140.24,8.4018,0.03,393,2388,100.0,39.13,23.4031
3,18,-0.0013,-0.0005,100.0,518.67,642.26,1584.36,1402.3,14.62,21.61,554.52,2388.0,9055.82,1.3,47.38,521.8,2388.05,8141.53,8.4244,0.03,390,2388,100.0,39.0,23.3709
3,19,0.0029,-0.0004,100.0,518.67,642.05,1580.67,1402.82,14.62,21.61,553.99,2388.03,9051.22,1.3,47.23,522.18,2387.99,8144.32,8.413,0.03,391,2388,100.0,39.12,23.4505
3,20,-0.002,-0.0002,100.0,518.67,642.25,1580.73,1394.57,14.62,21.61,554.54,2388.06,9047.08,1.3,47.1,522.29,2388.03,8135.13,8.398,0.03,391,2388,100.0,38.93,23.3357
3,21,-0.0006,0.0004,100.0,518.67,642.18,1586.78,1398.83,14.62,21.61,554.32,2388.02,9052.89,1.3,47.27,522.67,2387.98,8138.16,8.4302,0.03,392,2388,100.0,39.13,23.3923
