unit,cycle,op_setting_1,op_setting_2,op_setting_3,sensor_1,sensor_2,sensor_3,sensor_4,sensor_5,sensor_6,sensor_7,sensor_8,sensor_9,sensor_10,sensor_11,sensor_12,sensor_13,sensor_14,sensor_15,sensor_16,sensor_17,sensor_18,sensor_19,sensor_20,sensor_21
3,22,-0.0052,-0.0001,100.0,518.67,642.34,1589.55,1405.28,14.62,21.61,554.71,2388.06,9060.66,1.3,47.3,522.53,2388.02,8141.91,8.432,0.03,392,2388,100.0,39.09,23.4213
3,23,-0.0004,-0.0002,100.0,518.67,642.07,1585.2,1395.59,14.62,21.61,554.04,2387.99,9058.17,1.3,47.12,522.22,2388.05,8133.61,8.3839,0.03,392,2388,100.0,38.94,23.3791
3,24,-0.0038,-0.0002,100.0,518.67,642.24,1585.08,1395.73,14.62,21.61,554.65,2388.05,9047.82,1.3,47.26,521.66,2388.05,8140.94,8.3768,0.03,391,2388,100.0,38.81,23.3903
3,25,-0.0005,-0.0004,100.0,518.67,642.24,1579.4,1390.93,14.62,21.61,554.21,2388.05,9055.08,1.3,47.17,522.15,2387.98,8134.79,8.3845,0.03,391,2388,100.0,38.9,23.4004
3,26,-0.0023,-0.0005,100.0,518.67,641.61,1586.92,1401.63,14.62,21.61,553.9,2388.04,9047.81,1.3,47.28,521.93,2388.05,8140.65,8.4062,0.03,391,2388,100.0,39.01,23.2767
3,27,0.001,0.0002,100.0,518.67,642.36,1581.83,1400.85,14.62,21.61,554.67,2388.03,9058.62,1.3,47.17,521.69,2388.04,8138.31,8.4095,0.03,392,2388,100.0,38.97,23.3769
3,28,0.0001,-0.0,100.0,518.67,641.48,1590.59,1400.68,14.62,21.61,553.51,2388.04,9054.91,1.3,47.22,522.27,2388.03,8131.13,8.3998,0.03,392,2388,100.0,38.91,23.4092
3,29,0.0038,0.0004,100.0,518.67,642.01,1584.71,1396.05,14.62,21.61,554.94,2388.03,9056.29,1.3,47.24,522.15,2387.99,8135.88,8.4387,0.03,392,2388,100.0,39.15,23.3378
3,30,0.0012,0.0004,100.0,518.67,642.21,1584.95,1398.1,14.62,21.61,554.05,2388.01,9051.75,1.3,47.23,522.35,2388.04,8140.32,8.3927,0.03,392,2388,100.0,39.01,23.3824
3,31,0.0039,0.0001,100.0,518.67,642.33,1588.68,1393.95,14.62,21.61,553.06,2388.04,9056.38,1.3,47.33,521.92,2388.05,8143.37,8.393,0.03,391,2388,100.0,38.98,23.3272
3,32,0.0018,0.0002,100.0,518.67,642.55,1583.7,1400.58,14.62,21.61,554.32,2388.04,9052.73,1.3,47.3,522.11,2388.08,8135.67,8.392,0.03,393,2388,100.0,39.1,23.3545
3,33,0.0004,0.0002,100.0,518.67,641.82,1583.55,1403.93,14.62,21.61,554.27,2388.0,9055.13,1.3,47.31,522.1,2387.96,8134.74,8.4086,0.03,392,2388,100.0,38.98,23.4537
3,34,-0.0014,0.0005,100.0,518.67,642.83,1584.17,1397.47,14.62,21.61,554.42,2388.01,9058.0,1.3,47.2,522.34,2388.05,8142.72,8.4035,0.03,393,2388,100.0,39.0,23.3728
3,35,-0.0013,0.0001,100.0,518.67,642.08,1584.57,1396.92,14.62,21.61,554.1,2388.04,9058.14,1.3,47.26,522.19,2388.0,8136.27,8.3924,0.03,391,2388,100.0,39.03,23.343
3,36,-0.0018,0.0001,100.0,518.67,642.06,1580.96,1399.12,14.62,21.61,554.11,2388.05,9059.15,1.3,47.33,522.77,2388.05,8144.61,8.3794,0.03,393,2388,100.0,38.84,23.3414
3,37,0.0058,0.0001,100.0,518.67,641.68,1582.96,1396.65,14.62,21.61,555.28,2388.02,9055.79,1.3,47.17,522.14,2388.05,8140.71,8.4142,0.03,394,2388,100.0,38.78,23.2711
3,38,0.0006,0.0001,100.0,518.67,641.72,1577.99,1401.83,14.62,21.61,554.11,2388.09,9062.07,1.3,47.44,521.81,2388.05,8134.72,8.4094,0.03,393,2388,100.0,38.98,23.3501
3,39,0.0011,0.0004,100.0,518.67,641.94,1580.42,1400.8,14.62,21.61,554.18,2388.05,9056.99,1.3,47.1,522.0,2388.08,8139.81,8.3738,0.03,392,2388,100.0,38.79,23.3514
3,40,-0.0038,0.0001,100.0,518.67,641.97,1579.38,1403.24,14.62,21.61,553.75,2388.03,9056.52,1.3,47.09,521.84,2388.05,8131.57,8.3987,0.03,392,2388,100.0,39.09,23.4079
3,41,0.0009,-0.0002,100.0,518.67,642.79,1586.38,1394.92,14.62,21.61,554.68,2388.02,9060.55,1.3,47.32,522.69,2388.07,8143.58,8.3682,0.03,392,2388,100.0,38.99,23.3774
3,42,0.0027,-0.0003,100.0,518.67,642.61,1586.25,1404.49,14.62,21.6,554.31,2387.97,9058.97,1.3,47.31,522.02,2388.01,8140.13,8.3828,0.03,390,2388,100.0,39.11,23.4412
3,43,0.0044,-0.0003,100.0,518.67,642.58,1587.9,1401.51,14.62,21.61,554.18,2388.0,9061.97,1.3,47.35,521.7,2388.06,8138.47,8.4397,0.03,392,2388,100.0,39.03,23.3024
3,44,-0.0022,-0.0005,100.0,518.67,642.21,1586.83,1395.48,14.62,21.61,554.45,2388.0,9060.44,1.3,47.17,522.47,2388.03,8144.65,8.4259,0.03,391,2388,100.0,39.14,23.448
3,45,-0.0025,-0.0005,100.0,518.67,642.15,1582.99,1398.33,14.62,21.61,554.43,2388.04,9055.97,1.3,47.06,522.17,2388.06,8138.89,8.4342,0.03,392,2388,100.0,39.23,23.4284
3,46,0.0015,0.0004,100.0,518.67,642.42,1590.25,1401.55,14.62,21.61,554.0,2388.05,9067.35,1.3,47.38,521.88,2388.03,8141.07,8.4024,0.03,392,2388,100.0,38.81,23.3352
3,47,-0.0013,-0.0004,100.0,518.67,642.26,1587.55,1395.3,14.62,21.61,554.82,2388.04,9055.04,1.3,47.29,522.2,2388.02,8139.29,8.4134,0.03,393,2388,100.0,39.01,23.4428
3,48,0.0002,0.0001,100.0,518.67,642.01,1587.21,1392.94,14.62,21.61,554.41,2388.05,9054.47,1.3,47.32,521.88,2387.95,8138.95,8.4199,0.03,392,2388,100.0,38.92,23.406
3,49,-0.0002,-0.0,100.0,518.67,642.16,1583.53,1396.11,14.62,21.61,554.28,2388.03,9051.92,1.3,47.33,522.28,2388.05,8138.36,8.3716,0.03,392,2388,100.0,39.0,23.3813
3,50,0.0012,-0.0004,100.0,518.67,642.51,1586.16,1402.64,14.62,21.61,553.87,2388.03,9056.79,1.3,47.27,522.07,2388.03,8140.55,8.4054,0.03,391,2388,100.0,39.02,23.4013
3,51,0.0022,0.0001,100.0,518.67,642.39,1592.16,1401.05,14.62,21.61,554.15,2387.94,9054.5,1.3,47.14,522.18,2388.04,8135.1,8.4004,0.03,392,2388,100.0,39.02,23.3874
3,52,0.0042,-0.0,100.0,518.67,642.29,1582.66,1404.99,14.62,21.61,554.39,2387.99,9061.17,1.3,47.36,522.73,2388.07,8142.51,8.3954,0.03,392,2388,100.0,39.14,23.4006
3,53,0.0032,0.0002,100.0,518.67,642.02,1588.04,1399.78,14.62,21.61,554.54,2388.06,9065.15,1.3,47.21,522.54,2388.03,8141.43,8.4046,0.03,391,2388,100.0,38.99,23.3824
3,54,0.0003,0.0002,100.0,518.67,642.03,1585.66,1407.04,14.62,21.61,554.28,2388.04,9054.67,1.3,47.45,522.19,2388.05,8143.47,8.3958,0.03,391,2388,100.0,38.85,23.4086
3,55,-0.0001,0.0002,100.0,518.67,642.41,1594.2,1399.08,14.62,21.61,554.34,2388.03,9058.13,1.3,47.22,522.09,2388.03,8141.34,8.4135,0.03,393,2388,100.0,38.9,23.4306
3,56,-0.0001,-0.0002,100.0,518.67,642.73,1586.08,1403.97,14.62,21.61,554.47,2388.07,9057.83,1.3,47.14,522.08,2388.02,8136.63,8.4042,0.03,394,2388,100.0,39.1,23.4319
3,57,0.0004,-0.0005,100.0,518.67,642.56,1581.97,1398.55,14.62,21.61,553.99,2388.06,9058.76,1.3,47.28,522.06,2388.09,8137.58,8.4128,0.03,392,2388,100.0,38.92,23.366
3,58,0.004,-0.0005,100.0,518.67,642.52,1581.31,1403.99,14.62,21.61,553.58,2388.06,9055.97,1.3,47.35,521.85,2388.04,8130.67,8.4032,0.03,392,2388,100.0,38.88,23.3982
3,59,0.0011,0.0002,100.0,518.67,642.31,1587.46,1397.56,14.62,21.61,553.88,2388.03,9056.23,1.3,47.22,522.85,2388.07,8142.01,8.4039,0.03,390,2388,100.0,39.15,23.388
3,60,0.0011,0.0003,100.0,518.67,641.8,1586.82,1405.66,14.62,21.61,553.34,2388.05,9051.65,1.3,47.47,522.23,2388.05,8136.68,8.4616,0.03,394,2388,100.0,38.94,23.2905
3,61,-0.0006,0.0002,100.0,518.67,642.5,1585.5,1392.35,14.62,21.61,554.01,2388.07,9063.57,1.3,47.26,521.8,2388.06,8138.34,8.4046,0.03,393,2388,100.0,38.83,23.3697
3,62,0.0009,0.0002,100.0,518.67,642.18,1591.5,1403.57,14.62,21.61,553.67,2388.07,9058.94,1.3,47.28,522.16,2388.04,8143.24,8.417,0.03,393,2388,100.0,38.96,23.4182
3,63,0.0018,0.0004,100.0,518.67,642.1,1583.42,1398.98,14.62,21.61,554.61,2388.07,9052.2,1.3,47.27,522.27,2388.03,8149.09,8.4241,0.03,393,2388,100.0,39.01,23.3903
3,64,0.0004,0.0001,100.0,518.67,642.53,1590.04,1404.68,14.62,21.61,553.9,2388.04,9061.33,1.3,47.24,522.24,2388.07,8143.14,8.4227,0.03,393,2388,100.0,39.13,23.3791
3,65,-0.0024,-0.0003,100.0,518.67,641.69,1586.21,1400.69,14.62,21.61,554.63,2388.03,9057.61,1.3,47.29,522.25,2387.98,8139.64,8.4379,0.03,392,2388,100.0,39.12,23.4958
3,66,-0.0003,0.0,100.0,518.67,642.25,1577.22,1397.9,14.62,21.61,553.79,2388.01,9059.8,1.3,47.31,522.15,2388.03,8141.08,8.4032,0.03,391,2388,100.0,38.92,23.432
3,67,-0.004,-0.0005,100.0,518.67,642.0,1584.55,1403.87,14.62,21.61,553.84,2388.1,9060.7,1.3,47.29,521.81,2388.03,8139.27,8.419,0.03,392,2388,100.0,39.04,23.4697
3,68,0.0034,-0.0002,100.0,518.67,642.94,1587.27,1400.37,14.62,21.61,554.43,2388.04,9056.56,1.3,47.31,522.14,2387.99,8141.67,8.4005,0.03,392,2388,100.0,39.08,23.3725
3,69,0.0051,-0.0001,100.0,518.67,642.05,1581.93,1404.2,14.62,21.61,555.14,2388.05,9061.76,1.3,47.24,521.69,2388.03,8139.2,8.4404,0.03,392,2388,100.0,39.07,23.3595
3,70,-0.0011,0.0004,100.0,518.67,642.54,1587.02,1397.09,14.62,21.61,553.8,2387.99,9067.14,1.3,47.44,521.88,2387.97,8137.91,8.4183,0.03,392,2388,100.0,39.12,23.4527
3,71,0.0002,0.0001,100.0,518.67,642.9,1579.41,1401.19,14.62,21.61,554.59,2388.1,9063.98,1.3,47.43,522.0,2388.07,8139.03,8.3895,0.03,392,2388,100.0,38.89,23.3944
