unit,cycle,op_setting_1,op_setting_2,op_setting_3,sensor_1,sensor_2,sensor_3,sensor_4,sensor_5,sensor_6,sensor_7,sensor_8,sensor_9,sensor_10,sensor_11,sensor_12,sensor_13,sensor_14,sensor_15,sensor_16,sensor_17,sensor_18,sensor_19,sensor_20,sensor_21
4,43,-0.0029,-0.0002,100.0,518.67,642.12,1589.99,1407.47,14.62,21.61,553.71,2388.09,9056.77,1.3,47.47,521.67,2388.09,8132.67,8.4196,0.03,393,2388,100.0,38.89,23.4416
4,44,-0.0003,0.0005,100.0,518.67,641.81,1585.87,1403.08,14.62,21.61,553.47,2388.13,9054.81,1.3,47.29,522.07,2388.1,8131.23,8.4386,0.03,391,2388,100.0,39.03,23.4158
4,45,-0.0023,0.0001,100.0,518.67,642.58,1587.46,1403.12,14.62,21.61,553.89,2388.08,9050.89,1.3,47.3,521.96,2388.08,8133.1,8.4115,0.03,392,2388,100.0,38.98,23.3737
4,46,-0.0007,-0.0003,100.0,518.67,642.99,1584.18,1415.57,14.62,21.6,553.59,2388.03,9052.66,1.3,47.54,521.66,2388.06,8135.14,8.4334,0.03,393,2388,100.0,38.7,23.3137
4,47,-0.0035,-0.0003,100.0,518.67,642.15,1591.57,1409.99,14.62,21.61,553.8,2388.02,9057.44,1.3,47.51,521.69,2388.08,8132.89,8.4093,0.03,393,2388,100.0,38.74,23.2122
4,48,0.0028,-0.0004,100.0,518.67,642.33,1586.8,1405.17,14.62,21.61,554.54,2388.08,9056.15,1.3,47.46,522.02,2388.08,8131.02,8.3869,0.03,392,2388,100.0,38.97,23.3181
4,49,-0.0006,-0.0002,100.0,518.67,642.82,1590.52,1408.42,14.62,21.61,553.87,2388.09,9050.03,1.3,47.52,521.75,2388.11,8130.35,8.3928,0.03,392,2388,100.0,38.98,23.3336
4,50,0.004,-0.0002,100.0,518.67,642.05,1586.99,1403.54,14.62,21.61,552.53,2388.12,9058.09,1.3,47.35,521.85,2388.1,8137.83,8.4348,0.03,391,2388,100.0,38.93,23.2186
4,51,-0.0007,0.0005,100.0,518.67,642.3,1584.29,1407.61,14.62,21.61,553.63,2388.07,9057.14,1.3,47.22,521.8,2388.07,8138.87,8.3844,0.03,392,2388,100.0,38.85,23.4029
4,52,-0.0022,-0.0001,100.0,518.67,642.82,1593.22,1407.67,14.62,21.61,553.9,2388.11,9053.23,1.3,47.31,521.99,2388.13,8137.16,8.4321,0.03,394,2388,100.0,38.89,23.3655
4,53,0.0023,-0.0,100.0,518.67,642.41,1586.77,1407.4,14.62,21.61,554.5,2388.1,9055.97,1.3,47.38,521.19,2388.07,8134.39,8.4154,0.03,393,2388,100.0,39.04,23.4327
4,54,-0.0002,-0.0001,100.0,518.67,642.54,1592.6,1405.04,14.62,21.61,553.9,2388.06,9053.65,1.3,47.28,521.34,2388.11,8130.82,8.4348,0.03,393,2388,100.0,38.93,23.2384
4,55,0.0004,0.0002,100.0,518.67,642.02,1587.01,1406.46,14.62,21.61,554.03,2388.06,9053.51,1.3,47.16,521.4,2388.09,8139.57,8.401,0.03,393,2388,100.0,38.82,23.3281
4,56,-0.0035,0.0001,100.0,518.67,642.8,1594.24,1403.34,14.62,21.61,553.93,2388.03,9052.37,1.3,47.35,521.47,2388.05,8134.14,8.42,0.03,390,2388,100.0,39.01,23.3547
4,57,0.0018,0.0003,100.0,518.67,642.3,1585.96,1404.0,14.62,21.61,553.5,2388.08,9051.38,1.3,47.43,521.84,2388.11,8132.78,8.4312,0.03,392,2388,100.0,38.73,23.4221
4,58,0.0002,0.0003,100.0,518.67,642.66,1590.94,1405.24,14.62,21.61,553.27,2388.07,9047.2,1.3,47.39,522.02,2388.09,8135.85,8.4203,0.03,393,2388,100.0,38.87,23.2575
4,59,-0.0002,0.0,100.0,518.67,642.32,1600.12,1398.12,14.62,21.61,554.75,2388.07,9048.52,1.3,47.46,522.35,2388.07,8134.77,8.383,0.03,391,2388,100.0,38.8,23.3164
4,60,-0.0024,-0.0003,100.0,518.67,642.31,1576.64,1404.66,14.62,21.61,553.49,2388.08,9050.23,1.3,47.29,521.94,2388.08,8130.55,8.4349,0.03,392,2388,100.0,38.96,23.3673
4,61,-0.0012,0.0003,100.0,518.67,642.56,1587.51,1407.15,14.62,21.61,553.77,2388.1,9059.18,1.3,47.39,521.79,2388.04,8138.03,8.4231,0.03,392,2388,100.0,38.95,23.3748
4,62,0.0003,0.0004,100.0,518.67,642.69,1588.08,1407.72,14.62,21.61,553.74,2388.06,9045.33,1.3,47.16,521.39,2388.07,8135.29,8.4133,0.03,391,2388,100.0,38.88,23.2919
4,63,0.0015,0.0002,100.0,518.67,642.45,1587.6,1410.95,14.62,21.61,553.89,2388.02,9052.34,1.3,47.39,522.11,2388.11,8135.39,8.4424,0.03,393,2388,100.0,38.86,23.3359
4,64,-0.003,0.0,100.0,518.67,642.68,1591.76,1403.8,14.62,21.61,554.25,2388.06,9049.6,1.3,47.33,521.61,2388.06,8139.28,8.4002,0.03,393,2388,100.0,38.84,23.2918
4,65,0.0002,0.0005,100.0,518.67,642.8,1590.85,1407.01,14.62,21.61,554.03,2388.04,9048.79,1.3,47.24,522.14,2388.08,8130.59,8.4314,0.03,392,2388,100.0,39.04,23.4812
4,66,0.0023,0.0,100.0,518.67,642.9,1583.9,1402.56,14.62,21.61,554.13,2388.06,9061.64,1.3,47.35,521.43,2388.08,8134.65,8.405,0.03,394,2388,100.0,38.89,23.3588
4,67,0.0029,-0.0003,100.0,518.67,642.21,1592.37,1395.74,14.62,21.61,553.47,2388.08,9051.73,1.3,47.43,521.63,2388.0,8137.62,8.4517,0.03,393,2388,100.0,38.87,23.4225
4,68,0.0041,-0.0001,100.0,518.67,642.44,1587.83,1408.43,14.62,21.61,554.03,2388.09,9054.44,1.3,47.53,521.92,2388.02,8131.88,8.433,0.03,390,2388,100.0,38.85,23.4063
4,69,-0.0002,-0.0003,100.0,518.67,642.74,1588.44,1409.93,14.62,21.61,553.75,2388.06,9060.71,1.3,47.33,521.74,2388.06,8137.23,8.4094,0.03,391,2388,100.0,38.97,23.3788
4,70,0.0002,0.0003,100.0,518.67,642.42,1590.37,1403.68,14.62,21.61,553.6,2388.1,9054.66,1.3,47.37,521.9,2388.04,8136.58,8.4232,0.03,392,2388,100.0,38.96,23.2755
4,71,-0.0022,-0.0003,100.0,518.67,642.63,1585.71,1410.7,14.62,21.61,554.23,2388.11,9053.94,1.3,47.37,521.71,2388.12,8135.4,8.417,0.03,393,2388,100.0,38.8,23.3652
4,72,-0.0021,0.0002,100.0,518.67,642.69,1584.72,1408.21,14.62,21.61,553.62,2388.07,9052.99,1.3,47.27,521.5,2388.09,8140.48,8.4053,0.03,394,2388,100.0,38.89,23.3367
4,73,0.0001,0.0001,100.0,518.67,642.35,1588.43,1409.32,14.62,21.61,554.1,2388.15,9058.6,1.3,47.4,521.85,2388.08,8137.42,8.4666,0.03,394,2388,100.0,39.17,23.2982
4,74,0.0044,0.0001,100.0,518.67,642.6,1588.1,1407.74,14.62,21.61,553.31,2388.11,9056.63,1.3,47.31,521.67,2388.06,8139.0,8.431,0.03,394,2388,100.0,38.74,23.3864
4,75,-0.0003,-0.0003,100.0,518.67,642.42,1593.17,1400.47,14.62,21.61,554.13,2388.08,9057.3,1.3,47.43,521.95,2388.14,8138.83,8.4095,0.03,393,2388,100.0,38.85,23.3053
4,76,0.0055,0.0,100.0,518.67,641.86,1588.78,1405.44,14.62,21.61,553.56,2388.04,9061.17,1.3,47.42,521.95,2388.1,8140.73,8.4142,0.03,392,2388,100.0,38.82,23.2617
4,77,0.002,0.0004,100.0,518.67,642.77,1588.91,1398.16,14.62,21.61,553.43,2388.03,9062.96,1.3,47.32,521.22,2388.07,8137.46,8.423,0.03,394,2388,100.0,38.95,23.2448
4,78,-0.0014,0.0001,100.0,518.67,642.66,1587.09,1408.49,14.62,21.61,554.03,2388.06,9053.78,1.3,47.46,521.53,2388.04,8137.48,8.4084,0.03,392,2388,100.0,38.78,23.3512
4,79,0.0014,0.0004,100.0,518.67,642.14,1592.26,1407.47,14.62,21.61,553.13,2388.1,9056.85,1.3,47.39,521.93,2388.1,8136.08,8.4384,0.03,393,2388,100.0,39.05,23.4146
4,80,-0.0,0.0001,100.0,518.67,642.98,1588.2,1405.22,14.62,21.61,554.66,2388.05,9059.21,1.3,47.36,521.78,2388.06,8136.75,8.3982,0.03,394,2388,100.0,38.92,23.2887
4,81,-0.0003,0.0,100.0,518.67,642.26,1582.27,1408.32,14.62,21.61,553.51,2388.04,9052.44,1.3,47.39,521.35,2388.06,8135.47,8.4252,0.03,392,2388,100.0,38.82,23.34
4,82,-0.0003,0.0004,100.0,518.67,642.66,1582.04,1404.73,14.62,21.61,553.76,2388.05,9053.33,1.3,47.3,521.87,2388.1,8136.0,8.4169,0.03,392,2388,100.0,38.93,23.2496
4,83,-0.0002,0.0005,100.0,518.67,642.13,1588.16,1406.59,14.62,21.61,554.25,2388.08,9057.38,1.3,47.34,521.82,2388.09,8134.95,8.4433,0.03,393,2388,100.0,38.98,23.3686
4,84,-0.0029,0.0006,100.0,518.67,642.91,1589.92,1403.9,14.62,21.61,553.48,2388.09,9053.78,1.3,47.52,521.63,2388.09,8134.57,8.4081,0.03,392,2388,100.0,38.72,23.4161
4,85,-0.0001,0.0001,100.0,518.67,642.29,1579.9,1399.07,14.62,21.61,553.85,2388.05,9063.79,1.3,47.27,521.6,2388.09,8143.55,8.4401,0.03,394,2388,100.0,38.94,23.3839
4,86,0.0016,-0.0,100.0,518.67,642.21,1591.36,1407.58,14.62,21.61,553.52,2388.08,9060.26,1.3,47.42,521.74,2388.0,8140.42,8.4306,0.03,393,2388,100.0,38.8,23.3293
4,87,-0.0015,0.0005,100.0,518.67,642.7,1587.37,1406.05,14.62,21.61,553.83,2388.09,9053.77,1.3,47.5,522.01,2388.1,8137.57,8.4359,0.03,393,2388,100.0,38.92,23.3269
4,88,0.0001,-0.0003,100.0,518.67,642.68,1584.7,1398.74,14.62,21.61,554.23,2388.1,9067.32,1.3,47.32,521.36,2388.0,8141.36,8.4428,0.03,394,2388,100.0,38.87,23.2128
4,89,0.0006,-0.0002,100.0,518.67,641.97,1578.65,1394.77,14.62,21.61,553.55,2388.09,9058.52,1.3,47.56,522.15,2388.07,8140.68,8.4233,0.03,392,2388,100.0,38.74,23.3807
4,90,0.0001,0.0003,100.0,518.67,643.32,1586.92,1408.45,14.62,21.61,553.98,2388.05,9063.48,1.3,47.32,522.22,2388.06,8143.04,8.4484,0.03,393,2388,100.0,38.98,23.322
4,91,0.0018,0.0002,100.0,518.67,642.79,1589.6,1404.18,14.62,21.61,553.48,2388.07,9062.96,1.3,47.15,522.23,2388.07,8144.13,8.4301,0.03,393,2388,100.0,38.87,23.2897
4,92,0.0015,0.0004,100.0,518.67,642.41,1590.17,1403.99,14.62,21.61,554.49,2388.08,9055.76,1.3,47.55,521.56,2388.12,8143.49,8.4255,0.03,393,2388,100.0,38.79,23.284
