unit,cycle,op_setting_1,op_setting_2,op_setting_3,sensor_1,sensor_2,sensor_3,sensor_4,sensor_5,sensor_6,sensor_7,sensor_8,sensor_9,sensor_10,sensor_11,sensor_12,sensor_13,sensor_14,sensor_15,sensor_16,sensor_17,sensor_18,sensor_19,sensor_20,sensor_21
2,109,0.0014,0.0,100.0,518.67,642.12,1590.41,1392.9,14.62,21.61,553.72,2388.12,9053.21,1.3,47.28,522.0,2387.99,8145.36,8.4061,0.03,391,2388,100.0,39.1,23.3497
2,110,-0.0013,-0.0002,100.0,518.67,642.29,1583.3,1398.47,14.62,21.61,554.5,2388.07,9053.81,1.3,47.31,522.27,2388.02,8140.04,8.3723,0.03,391,2388,100.0,39.06,23.3997
2,111,0.0039,0.0,100.0,518.67,642.24,1576.85,1393.76,14.62,21.61,554.42,2387.99,9062.68,1.3,47.18,522.32,2387.99,8137.95,8.4437,0.03,392,2388,100.0,39.16,23.4703
2,112,-0.0023,-0.0002,100.0,518.67,642.49,1588.35,1397.2,14.62,21.61,554.33,2388.01,9063.33,1.3,47.37,522.23,2388.0,8138.79,8.4025,0.03,392,2388,100.0,39.06,23.3444
2,113,-0.003,0.0,100.0,518.67,641.95,1584.21,1404.74,14.62,21.61,554.07,2388.01,9049.1,1.3,47.23,522.1,2387.99,8141.12,8.3994,0.03,391,2388,100.0,39.12,23.5029
2,114,-0.0005,-0.0002,100.0,518.67,642.13,1576.56,1397.05,14.62,21.61,555.1,2388.01,9055.66,1.3,47.19,522.13,2388.02,8138.67,8.4119,0.03,391,2388,100.0,39.06,23.3784
2,115,-0.0041,-0.0001,100.0,518.67,642.16,1583.27,1401.33,14.62,21.61,554.37,2388.01,9055.06,1.3,47.14,522.1,2388.03,8138.48,8.395,0.03,390,2388,100.0,38.89,23.313
2,116,-0.001,0.0004,100.0,518.67,642.38,1577.87,1398.39,14.62,21.61,554.45,2387.97,9053.87,1.3,47.01,522.48,2388.02,8145.28,8.3895,0.03,391,2388,100.0,38.96,23.4542
2,117,-0.0031,-0.0,100.0,518.67,641.97,1583.84,1395.4,14.62,21.61,554.6,2388.02,9056.45,1.3,47.23,522.39,2388.03,8139.95,8.4365,0.03,392,2388,100.0,39.05,23.432
2,118,-0.0013,0.0004,100.0,518.67,641.95,1580.49,1400.99,14.62,21.61,553.96,2388.01,9055.61,1.3,47.11,522.23,2388.05,8141.01,8.3735,0.03,392,2388,100.0,39.04,23.2912
2,119,0.0,-0.0002,100.0,518.67,642.67,1585.06,1401.87,14.62,21.61,554.32,2388.0,9054.52,1.3,47.24,522.21,2388.0,8141.97,8.4236,0.03,392,2388,100.0,38.74,23.3731
2,120,-0.0001,0.0004,100.0,518.67,642.01,1589.61,1394.39,14.62,21.61,554.42,2388.05,9056.54,1.3,47.22,521.62,2388.01,8136.11,8.3666,0.03,391,2388,100.0,39.18,23.4077
2,121,0.0027,0.0003,100.0,518.67,642.04,1580.19,1391.52,14.62,21.61,554.51,2387.96,9053.67,1.3,47.28,522.31,2387.97,8140.79,8.4134,0.03,392,2388,100.0,39.09,23.3381
2,122,0.0011,0.0003,100.0,518.67,642.08,1585.52,1405.27,14.62,21.61,553.82,2388.01,9051.03,1.3,47.23,521.96,2387.97,8136.04,8.3783,0.03,392,2388,100.0,38.88,23.3284
2,123,-0.001,-0.0004,100.0,518.67,642.11,1588.59,1403.23,14.62,21.61,554.31,2388.04,9056.3,1.3,47.21,522.14,2388.03,8134.83,8.3887,0.03,391,2388,100.0,38.86,23.4492
2,124,-0.0002,0.0004,100.0,518.67,642.37,1583.12,1399.26,14.62,21.61,554.58,2388.04,9053.57,1.3,47.06,522.64,2387.99,8135.96,8.4049,0.03,392,2388,100.0,39.03,23.3364
2,125,-0.0015,0.0001,100.0,518.67,642.71,1586.32,1397.94,14.62,21.61,554.81,2388.01,9060.56,1.3,47.31,522.23,2387.98,8142.91,8.4012,0.03,391,2388,100.0,39.09,23.3785
2,126,0.0006,0.0005,100.0,518.67,642.07,1587.45,1403.41,14.62,21.61,554.03,2387.96,9057.08,1.3,47.28,521.95,2387.99,8136.69,8.4243,0.03,392,2388,100.0,38.91,23.3592
2,127,-0.0002,-0.0004,100.0,518.67,642.26,1586.65,1400.81,14.62,21.61,554.08,2387.99,9056.25,1.3,47.21,522.2,2388.08,8134.49,8.4476,0.03,391,2388,100.0,39.08,23.34
2,128,-0.0008,0.0,100.0,518.67,641.54,1592.2,1397.34,14.62,21.6,554.16,2388.01,9054.43,1.3,47.2,522.36,2388.05,8142.32,8.4098,0.03,392,2388,100.0,39.05,23.3966
2,129,0.0007,0.0004,100.0,518.67,641.66,1590.59,1400.25,14.62,21.6,554.6,2388.07,9052.79,1.3,47.23,522.19,2387.99,8139.65,8.3986,0.03,392,2388,100.0,38.96,23.4331
2,130,0.0035,-0.0003,100.0,518.67,642.06,1584.83,1409.98,14.62,21.61,554.42,2387.99,9060.71,1.3,47.26,522.4,2388.05,8137.8,8.4145,0.03,391,2388,100.0,38.92,23.3645
2,131,-0.0001,0.0001,100.0,518.67,641.96,1587.61,1394.26,14.62,21.61,554.88,2388.01,9055.73,1.3,47.36,522.37,2387.98,8141.5,8.4074,0.03,392,2388,100.0,39.02,23.4016
2,132,0.0002,0.0006,100.0,518.67,642.01,1586.66,1398.78,14.62,21.61,554.4,2388.13,9059.84,1.3,47.12,522.25,2388.03,8140.33,8.4102,0.03,390,2388,100.0,38.91,23.313
2,133,-0.0016,-0.0004,100.0,518.67,642.84,1581.22,1393.87,14.62,21.61,554.21,2388.04,9060.79,1.3,47.18,521.71,2388.05,8140.53,8.4054,0.03,392,2388,100.0,38.89,23.2668
2,134,0.0026,0.0001,100.0,518.67,642.76,1586.44,1406.2,14.62,21.6,553.88,2388.02,9061.2,1.3,47.17,521.95,2388.02,8142.84,8.381,0.03,390,2388,100.0,38.95,23.3367
2,135,0.0009,-0.0002,100.0,518.67,642.02,1580.12,1404.56,14.62,21.61,554.52,2388.01,9051.53,1.3,47.34,522.13,2388.03,8129.68,8.4108,0.03,392,2388,100.0,38.91,23.3992
2,136,0.001,-0.0003,100.0,518.67,642.06,1582.91,1402.67,14.62,21.61,554.5,2388.05,9056.59,1.3,47.09,521.86,2387.99,8142.13,8.3889,0.03,389,2388,100.0,39.0,23.4236
2,137,0.0044,-0.0004,100.0,518.67,642.46,1585.36,1406.79,14.62,21.61,554.42,2388.01,9057.59,1.3,47.39,522.21,2388.0,8135.55,8.369,0.03,391,2388,100.0,38.98,23.3517
2,138,0.0012,0.0004,100.0,518.67,642.34,1585.19,1398.95,14.62,21.61,555.03,2387.99,9063.57,1.3,47.16,521.73,2388.04,8137.5,8.4125,0.03,392,2388,100.0,38.82,23.4346
2,139,-0.0003,0.0005,100.0,518.67,642.63,1590.88,1400.87,14.62,21.61,554.24,2388.06,9057.55,1.3,47.3,522.61,2388.03,8139.9,8.3919,0.03,391,2388,100.0,38.94,23.4316
2,140,0.0014,-0.0001,100.0,518.67,642.29,1593.7,1403.14,14.62,21.61,554.86,2388.09,9051.91,1.3,47.32,522.49,2387.95,8139.78,8.4243,0.03,392,2388,100.0,39.01,23.474
2,141,0.0019,0.0003,100.0,518.67,642.07,1585.09,1403.25,14.62,21.61,554.7,2388.05,9057.75,1.3,47.43,522.5,2388.05,8137.35,8.4254,0.03,393,2388,100.0,39.02,23.4038
2,142,-0.0007,0.0004,100.0,518.67,641.91,1586.41,1401.27,14.62,21.61,554.18,2388.08,9060.33,1.3,47.3,522.18,2388.04,8134.04,8.3936,0.03,391,2388,100.0,39.0,23.4716
2,143,0.0001,0.0004,100.0,518.67,642.31,1588.88,1400.49,14.62,21.61,554.05,2388.03,9057.74,1.3,47.3,521.73,2388.05,8138.17,8.423,0.03,393,2388,100.0,38.82,23.4197
2,144,-0.0005,0.0002,100.0,518.67,642.02,1584.35,1401.21,14.62,21.61,553.96,2388.03,9060.12,1.3,47.32,522.11,2388.01,8141.03,8.3836,0.03,392,2388,100.0,39.19,23.3494
2,145,-0.0021,0.0001,100.0,518.67,642.01,1582.72,1403.53,14.62,21.61,554.1,2387.97,9059.1,1.3,47.33,521.93,2388.08,8146.37,8.3967,0.03,393,2388,100.0,38.83,23.5167
2,146,0.0043,-0.0001,100.0,518.67,642.52,1590.06,1405.09,14.62,21.61,554.25,2388.05,9051.0,1.3,47.3,522.0,2388.04,8140.25,8.4074,0.03,391,2388,100.0,38.97,23.4017
2,147,0.0004,-0.0001,100.0,518.67,642.27,1588.78,1394.58,14.62,21.61,554.16,2388.05,9055.27,1.3,47.48,521.91,2388.06,8134.58,8.3896,0.03,393,2388,100.0,38.89,23.3356
2,148,0.0018,0.0004,100.0,518.67,642.65,1584.5,1398.3,14.62,21.61,554.32,2388.02,9055.59,1.3,47.31,522.57,2388.06,8140.37,8.4128,0.03,393,2388,100.0,39.13,23.3971
2,149,-0.002,-0.0003,100.0,518.67,642.03,1587.88,1404.41,14.62,21.61,553.84,2388.04,9057.81,1.3,47.31,521.87,2388.0,8138.62,8.387,0.03,391,2388,100.0,38.89,23.4024
2,150,-0.0021,0.0004,100.0,518.67,642.62,1585.43,1393.74,14.62,21.61,554.13,2388.01,9056.95,1.3,47.15,522.22,2388.02,8138.55,8.4175,0.03,391,2388,100.0,39.03,23.2996
2,151,0.0051,-0.0004,100.0,518.67,642.54,1590.21,1398.31,14.62,21.61,553.66,2387.98,9055.31,1.3,47.33,522.28,2388.04,8143.3,8.4173,0.03,390,2388,100.0,38.92,23.3831
2,152,-0.0004,0.0003,100.0,518.67,642.38,1583.49,1400.9,14.62,21.61,553.86,2388.06,9052.6,1.3,47.25,522.06,2388.07,8136.96,8.4123,0.03,391,2388,100.0,38.86,23.3666
2,153,0.0043,0.0002,100.0,518.67,641.96,1594.33,1397.52,14.62,21.61,553.78,2388.09,9058.68,1.3,47.29,521.82,2388.07,8134.54,8.4262,0.03,392,2388,100.0,38.71,23.3222
2,154,0.0012,0.0001,100.0,518.67,642.34,1591.3,1413.28,14.62,21.6,554.45,2388.01,9055.03,1.3,47.23,522.21,2388.02,8137.22,8.4161,0.03,391,2388,100.0,38.89,23.4216
2,155,-0.0022,-0.0003,100.0,518.67,642.17,1580.93,1397.45,14.62,21.61,553.84,2388.06,9054.82,1.3,47.23,521.91,2388.07,8146.25,8.4029,0.03,392,2388,100.0,38.99,23.3634
2,156,-0.0045,0.0004,100.0,518.67,642.15,1578.73,1399.13,14.62,21.61,554.7,2388.04,9057.22,1.3,47.31,522.14,2388.07,8139.57,8.4075,0.03,391,2388,100.0,39.07,23.3474
2,157,-0.0014,-0.0004,100.0,518.67,642.04,1588.7,1400.63,14.62,21.61,553.71,2388.07,9065.16,1.3,47.45,522.25,2388.06,8143.04,8.4137,0.03,394,2388,100.0,38.97,23.2225
2,158,0.0014,0.0001,100.0,518.67,641.99,1586.95,1404.68,14.62,21.61,554.67,2388.02,9057.68,1.3,47.45,522.32,2388.03,8140.57,8.4324,0.03,392,2388,100.0,39.03,23.422
