unit,cycle,op_setting_1,op_setting_2,op_setting_3,sensor_1,sensor_2,sensor_3,sensor_4,sensor_5,sensor_6,sensor_7,sensor_8,sensor_9,sensor_10,sensor_11,sensor_12,sensor_13,sensor_14,sensor_15,sensor_16,sensor_17,sensor_18,sensor_19,sensor_20,sensor_21
1,51,-0.001,0.0003,100.0,518.67,642.81,1585.54,1400.42,14.62,21.61,553.73,2388.02,9047.09,1.3,47.12,521.91,2388.05,8134.36,8.4504,0.03,393,2388,100.0,38.94,23.3651
1,52,0.0018,-0.0001,100.0,518.67,642.76,1583.77,1395.57,14.62,21.61,553.04,2388.04,9056.01,1.3,47.07,522.1,2388.07,8132.82,8.4539,0.03,391,2388,100.0,39.0,23.3388
1,53,0.0021,-0.0001,100.0,518.67,642.61,1579.82,1402.26,14.62,21.61,554.16,2388.05,9051.15,1.3,47.29,521.96,2388.06,8134.38,8.4418,0.03,392,2388,100.0,38.9,23.3775
1,54,-0.0002,0.0005,100.0,518.67,642.42,1592.59,1401.2,14.62,21.61,553.95,2388.04,9056.29,1.3,47.38,522.44,2388.06,8129.95,8.4189,0.03,392,2388,100.0,38.96,23.2348
1,55,0.0009,-0.0,100.0,518.67,642.41,1584.95,1401.58,14.62,21.61,554.45,2388.04,9048.94,1.3,47.4,522.11,2388.02,8134.1,8.4071,0.03,392,2388,100.0,39.06,23.3567
1,56,0.0007,-0.0002,100.0,518.67,642.49,1586.33,1400.76,14.62,21.61,553.98,2388.01,9042.42,1.3,47.26,522.48,2388.04,8135.4,8.4022,0.03,391,2388,100.0,38.68,23.3408
1,57,-0.0033,0.0,100.0,518.67,642.13,1583.67,1402.79,14.62,21.61,553.42,2388.05,9050.8,1.3,47.29,521.62,2388.08,8135.48,8.4263,0.03,392,2388,100.0,38.84,23.3567
1,58,-0.0014,0.0001,100.0,518.67,641.9,1590.46,1397.99,14.62,21.61,554.14,2388.09,9050.33,1.3,47.26,522.21,2388.04,8132.08,8.4319,0.03,390,2388,100.0,38.93,23.2893
1,59,-0.0006,0.0002,100.0,518.67,642.33,1596.72,1403.51,14.62,21.61,554.62,2388.07,9050.06,1.3,47.26,521.32,2388.02,8128.81,8.4476,0.03,392,2388,100.0,38.92,23.4444
1,60,-0.001,-0.0002,100.0,518.67,642.34,1582.75,1403.07,14.62,21.61,554.0,2388.06,9051.69,1.3,47.41,522.49,2388.03,8132.89,8.3878,0.03,393,2388,100.0,38.89,23.387
1,61,0.0004,0.0005,100.0,518.67,642.1,1583.55,1405.52,14.62,21.61,554.09,2388.11,9050.58,1.3,47.31,522.34,2388.09,8131.66,8.4264,0.03,391,2388,100.0,38.89,23.3638
1,62,0.0004,0.0001,100.0,518.67,642.17,1581.59,1399.54,14.62,21.61,554.45,2388.1,9053.62,1.3,47.28,522.19,2388.1,8132.28,8.4071,0.03,391,2388,100.0,39.03,23.2707
1,63,0.0015,0.0002,100.0,518.67,642.6,1592.14,1395.38,14.62,21.61,553.48,2388.06,9049.96,1.3,47.51,521.56,2388.01,8130.73,8.4357,0.03,394,2388,100.0,38.77,23.3436
1,64,0.0017,0.0002,100.0,518.67,642.23,1584.51,1400.11,14.62,21.61,553.88,2388.1,9043.67,1.3,47.45,521.82,2388.04,8128.15,8.4066,0.03,391,2388,100.0,38.93,23.384
1,65,-0.0,0.0005,100.0,518.67,642.28,1584.72,1403.24,14.62,21.61,553.97,2388.03,9044.01,1.3,47.56,521.54,2388.13,8132.94,8.4406,0.03,392,2388,100.0,38.9,23.3752
1,66,-0.0007,-0.0004,100.0,518.67,642.5,1588.5,1399.52,14.62,21.61,554.0,2388.06,9059.45,1.3,47.14,521.76,2388.05,8128.32,8.3911,0.03,391,2388,100.0,38.95,23.3152
1,67,0.0016,-0.0004,100.0,518.67,642.33,1590.22,1403.02,14.62,21.61,554.31,2388.1,9050.24,1.3,47.39,522.64,2388.08,8134.07,8.3925,0.03,393,2388,100.0,38.97,23.291
1,68,-0.0018,0.0,100.0,518.67,642.51,1582.06,1404.42,14.62,21.61,554.04,2388.1,9051.78,1.3,47.36,521.72,2388.07,8132.39,8.4242,0.03,392,2388,100.0,38.95,23.3174
1,69,-0.0022,0.0005,100.0,518.67,642.44,1590.7,1401.24,14.62,21.61,554.65,2388.07,9050.59,1.3,47.41,522.22,2388.1,8129.13,8.4292,0.03,392,2388,100.0,39.0,23.3742
1,70,-0.0005,0.0002,100.0,518.67,642.22,1584.02,1402.78,14.62,21.61,554.01,2388.11,9053.43,1.3,47.41,521.93,2388.12,8130.36,8.4279,0.03,392,2388,100.0,38.86,23.4513
1,71,0.0016,-0.0003,100.0,518.67,642.21,1580.41,1403.09,14.62,21.61,554.06,2388.03,9046.09,1.3,47.3,521.72,2388.09,8134.28,8.423,0.03,391,2388,100.0,38.8,23.3881
1,72,-0.0017,0.0001,100.0,518.67,642.41,1579.25,1406.81,14.62,21.61,553.76,2388.07,9054.42,1.3,47.27,521.97,2388.09,8133.95,8.3951,0.03,391,2388,100.0,38.84,23.3085
1,73,-0.0012,-0.0002,100.0,518.67,642.29,1592.04,1397.93,14.62,21.61,553.88,2388.03,9049.64,1.3,47.29,522.04,2388.1,8129.85,8.404,0.03,391,2388,100.0,39.03,23.3975
1,74,0.0027,0.0001,100.0,518.67,642.96,1584.65,1401.48,14.62,21.61,554.03,2388.07,9045.85,1.3,47.58,522.25,2387.97,8132.67,8.4135,0.03,392,2388,100.0,38.8,23.382
1,75,0.0009,-0.0004,100.0,518.67,641.96,1582.32,1394.82,14.62,21.61,553.6,2388.07,9042.32,1.3,47.22,521.77,2388.11,8130.13,8.4621,0.03,392,2388,100.0,38.89,23.3521
1,76,-0.0015,0.0002,100.0,518.67,642.21,1589.21,1398.94,14.62,21.61,553.66,2388.02,9056.55,1.3,47.44,521.58,2388.03,8136.44,8.3996,0.03,390,2388,100.0,39.02,23.4428
1,77,0.0022,0.0004,100.0,518.67,642.55,1586.3,1400.97,14.62,21.61,554.61,2388.06,9046.44,1.3,47.41,521.6,2388.08,8135.25,8.453,0.03,393,2388,100.0,38.99,23.275
1,78,0.004,0.0002,100.0,518.67,641.99,1580.76,1404.1,14.62,21.61,553.47,2388.08,9042.37,1.3,47.4,522.28,2388.16,8133.91,8.3793,0.03,392,2388,100.0,38.88,23.3486
1,79,0.0022,-0.0002,100.0,518.67,642.12,1582.46,1403.93,14.62,21.61,553.77,2388.04,9047.86,1.3,47.35,521.85,2388.13,8135.4,8.4132,0.03,394,2388,100.0,38.9,23.3121
1,80,-0.0002,-0.0004,100.0,518.67,641.94,1591.96,1393.58,14.62,21.61,553.91,2388.06,9043.67,1.3,47.64,521.52,2388.1,8134.66,8.4235,0.03,392,2388,100.0,38.89,23.3613
1,81,-0.0018,-0.0004,100.0,518.67,642.73,1584.82,1402.04,14.62,21.61,553.88,2388.1,9045.31,1.3,47.43,521.66,2388.05,8128.87,8.4247,0.03,392,2388,100.0,38.77,23.373
1,82,-0.0012,0.0001,100.0,518.67,642.04,1589.07,1399.17,14.62,21.61,554.18,2388.1,9048.22,1.3,47.25,521.95,2388.03,8134.04,8.3986,0.03,393,2388,100.0,38.89,23.2713
1,83,0.0004,0.0005,100.0,518.67,642.66,1588.05,1406.38,14.62,21.61,553.49,2388.08,9049.08,1.3,47.22,521.93,2388.05,8131.32,8.4128,0.03,391,2388,100.0,38.8,23.3274
1,84,0.0005,0.0002,100.0,518.67,642.64,1585.52,1406.6,14.62,21.61,553.91,2388.05,9050.47,1.3,47.38,521.54,2388.06,8131.54,8.4139,0.03,392,2388,100.0,38.73,23.2653
1,85,0.0025,0.0003,100.0,518.67,642.28,1590.12,1405.96,14.62,21.61,554.4,2388.01,9056.08,1.3,47.36,522.3,2388.05,8135.31,8.4499,0.03,392,2388,100.0,39.01,23.284
1,86,-0.0012,0.0004,100.0,518.67,641.84,1588.8,1403.56,14.62,21.61,553.69,2388.1,9047.26,1.3,47.38,521.82,2388.09,8130.06,8.4173,0.03,394,2388,100.0,38.94,23.3945
1,87,0.0,-0.0004,100.0,518.67,642.33,1586.69,1413.1,14.62,21.61,554.1,2388.14,9050.52,1.3,47.34,521.43,2388.06,8130.41,8.4326,0.03,391,2388,100.0,38.88,23.3402
1,88,0.0029,0.0003,100.0,518.67,641.96,1581.29,1406.09,14.62,21.61,554.48,2388.07,9046.73,1.3,47.46,522.2,2388.04,8131.47,8.4586,0.03,392,2388,100.0,38.9,23.3086
1,89,0.0008,-0.0001,100.0,518.67,642.24,1584.73,1402.22,14.62,21.61,553.91,2388.05,9055.24,1.3,47.46,521.55,2388.08,8135.15,8.4489,0.03,392,2388,100.0,38.95,23.3288
1,90,0.0017,-0.0001,100.0,518.67,642.67,1584.38,1412.93,14.62,21.61,552.88,2388.1,9051.27,1.3,47.32,521.49,2388.09,8129.72,8.3961,0.03,391,2388,100.0,38.98,23.4712
1,91,0.0025,-0.0004,100.0,518.67,641.98,1584.84,1404.76,14.62,21.61,553.54,2388.04,9050.72,1.3,47.32,521.55,2388.1,8134.4,8.3949,0.03,394,2388,100.0,39.11,23.3842
1,92,0.001,-0.0002,100.0,518.67,642.89,1590.03,1400.77,14.62,21.61,553.81,2388.14,9048.36,1.3,47.45,521.91,2388.05,8131.39,8.3982,0.03,392,2388,100.0,38.99,23.3522
1,93,0.0032,0.0002,100.0,518.67,642.85,1593.74,1408.48,14.62,21.61,554.07,2388.07,9047.87,1.3,47.46,521.43,2388.08,8133.15,8.421,0.03,392,2388,100.0,38.86,23.2477
1,94,-0.0021,0.0002,100.0,518.67,642.45,1583.27,1404.94,14.62,21.61,553.86,2388.15,9045.83,1.3,47.48,521.61,2388.07,8132.4,8.4524,0.03,393,2388,100.0,38.85,23.3758
1,95,0.0019,0.0003,100.0,518.67,642.86,1577.6,1410.1,14.62,21.61,553.91,2388.02,9048.85,1.3,47.38,521.92,2388.02,8131.63,8.4575,0.03,394,2388,100.0,38.76,23.3269
1,96,-0.0034,0.0001,100.0,518.67,642.19,1584.07,1395.16,14.62,21.61,553.34,2388.07,9048.71,1.3,47.39,521.66,2388.06,8130.69,8.4311,0.03,392,2388,100.0,38.88,23.3255
1,97,0.0035,-0.0003,100.0,518.67,642.07,1595.77,1407.81,14.62,21.61,553.4,2388.09,9046.1,1.3,47.46,521.67,2388.06,8128.74,8.4105,0.03,392,2388,100.0,39.01,23.2963
1,98,0.0006,0.0004,100.0,518.67,642.0,1591.11,1404.56,14.62,21.61,552.75,2388.06,9045.49,1.3,47.37,522.31,2388.06,8127.89,8.4012,0.03,391,2388,100.0,38.96,23.2554
1,99,-0.0005,-0.0,100.0,518.67,642.46,1592.73,1406.13,14.62,21.61,553.76,2388.08,9045.14,1.3,47.4,521.42,2388.1,8131.77,8.4481,0.03,393,2388,100.0,38.82,23.2323
1,100,-0.0021,-0.0003,100.0,518.67,642.22,1589.63,1411.35,14.62,21.61,554.22,2388.07,9045.72,1.3,47.64,521.55,2388.08,8132.49,8.4241,0.03,392,2388,100.0,38.93,23.409
