unit,cycle,op_setting_1,op_setting_2,op_setting_3,sensor_1,sensor_2,sensor_3,sensor_4,sensor_5,sensor_6,sensor_7,sensor_8,sensor_9,sensor_10,sensor_11,sensor_12,sensor_13,sensor_14,sensor_15,sensor_16,sensor_17,sensor_18,sensor_19,sensor_20,sensor_21
2,209,0.004,0.0002,100.0,518.67,642.27,1590.92,1409.2,14.62,21.61,553.66,2388.09,9065.23,1.3,47.43,520.72,2388.11,8147.1,8.4281,0.03,391,2388,100.0,38.97,23.3362
2,210,-0.005,0.0001,100.0,518.67,642.88,1583.56,1396.99,14.62,21.61,553.5,2388.1,9064.68,1.3,47.51,521.77,2388.08,8141.12,8.4317,0.03,393,2388,100.0,38.92,23.2484
2,211,-0.0017,-0.0002,100.0,518.67,642.8,1584.65,1409.23,14.62,21.61,552.47,2388.08,9066.43,1.3,47.48,521.67,2388.08,8143.14,8.452,0.03,392,2388,100.0,38.86,23.2252
2,212,0.0005,-0.0004,100.0,518.67,642.54,1586.71,1406.43,14.62,21.61,553.32,2388.13,9068.2,1.3,47.51,521.74,2388.16,8148.07,8.461,0.03,391,2388,100.0,39.03,23.2138
2,213,-0.0039,-0.0,100.0,518.67,642.39,1594.64,1407.38,14.62,21.61,554.04,2388.09,9066.07,1.3,47.56,521.65,2388.05,8144.0,8.4354,0.03,392,2388,100.0,38.73,23.3246
2,214,0.0017,-0.0002,100.0,518.67,642.39,1588.17,1402.21,14.62,21.61,553.86,2388.09,9062.68,1.3,47.49,521.81,2388.13,8148.16,8.4428,0.03,390,2388,100.0,38.82,23.2857
2,215,-0.0004,0.0005,100.0,518.67,642.97,1591.44,1411.63,14.62,21.61,553.75,2388.09,9071.14,1.3,47.57,521.02,2388.09,8141.9,8.4192,0.03,395,2388,100.0,38.72,23.117
2,216,-0.0021,0.0005,100.0,518.67,642.46,1583.46,1408.68,14.62,21.61,553.01,2388.08,9063.95,1.3,47.53,522.19,2388.06,8144.7,8.452,0.03,393,2388,100.0,38.97,23.3221
2,217,0.0023,0.0005,100.0,518.67,643.3,1585.11,1407.97,14.62,21.61,553.22,2388.1,9061.1,1.3,47.51,521.29,2388.08,8148.52,8.4982,0.03,392,2388,100.0,38.94,23.2658
2,218,0.0033,-0.0002,100.0,518.67,642.91,1592.69,1412.7,14.62,21.61,553.09,2388.12,9070.12,1.3,47.56,521.7,2388.02,8146.85,8.4763,0.03,394,2388,100.0,38.87,23.2734
2,219,0.0029,0.0001,100.0,518.67,642.88,1592.52,1412.91,14.62,21.61,553.28,2388.02,9074.41,1.3,47.71,521.74,2388.12,8147.72,8.46,0.03,393,2388,100.0,38.78,23.371
2,220,-0.0036,-0.0002,100.0,518.67,642.87,1600.76,1406.68,14.62,21.61,552.92,2388.09,9068.44,1.3,47.54,520.77,2388.11,8148.15,8.4123,0.03,392,2388,100.0,38.86,23.3541
2,221,0.0032,-0.0001,100.0,518.67,643.09,1586.57,1408.21,14.62,21.61,553.77,2388.12,9072.45,1.3,47.47,521.46,2388.11,8145.66,8.4446,0.03,394,2388,100.0,38.99,23.3309
2,222,0.001,0.0001,100.0,518.67,643.16,1590.78,1411.66,14.62,21.61,553.56,2388.1,9068.24,1.3,47.52,521.46,2388.1,8144.87,8.4414,0.03,393,2388,100.0,38.75,23.3147
2,223,-0.0002,0.0003,100.0,518.67,643.06,1596.47,1406.28,14.62,21.61,553.91,2388.06,9068.95,1.3,47.62,520.84,2388.12,8152.25,8.4348,0.03,393,2388,100.0,38.84,23.2077
2,224,-0.001,0.0001,100.0,518.67,642.86,1592.47,1414.63,14.62,21.61,553.17,2388.13,9070.23,1.3,47.74,521.16,2388.12,8148.63,8.4495,0.03,394,2388,100.0,38.79,23.2336
2,225,0.0014,-0.0,100.0,518.67,642.68,1590.59,1409.87,14.62,21.61,553.96,2388.12,9069.7,1.3,47.67,521.33,2388.15,8150.97,8.4357,0.03,393,2388,100.0,38.75,23.209
2,226,-0.0018,0.0002,100.0,518.67,643.23,1601.02,1408.9,14.62,21.61,553.45,2388.05,9063.54,1.3,47.46,521.59,2388.11,8143.41,8.4744,0.03,394,2388,100.0,38.83,23.3575
2,227,0.0014,0.0004,100.0,518.67,642.8,1587.46,1410.4,14.62,21.61,553.73,2388.11,9070.71,1.3,47.66,521.28,2388.09,8148.82,8.4472,0.03,393,2388,100.0,38.8,23.2895
2,228,-0.0017,0.0001,100.0,518.67,642.67,1592.83,1406.88,14.62,21.61,553.35,2388.11,9069.67,1.3,47.46,521.18,2388.1,8152.87,8.4493,0.03,394,2388,100.0,38.72,23.2553
2,229,0.0008,-0.0001,100.0,518.67,642.32,1593.83,1407.69,14.62,21.61,553.0,2388.13,9071.15,1.3,47.65,521.66,2388.11,8144.84,8.4447,0.03,393,2388,100.0,38.82,23.1824
2,230,-0.0002,0.0004,100.0,518.67,642.68,1593.67,1412.71,14.62,21.61,553.43,2388.09,9077.18,1.3,47.69,520.94,2388.09,8148.9,8.4482,0.03,394,2388,100.0,38.71,23.2213
2,231,-0.0004,-0.0001,100.0,518.67,642.99,1593.78,1404.68,14.62,21.61,552.61,2388.13,9071.48,1.3,47.64,521.73,2388.11,8144.02,8.462,0.03,394,2388,100.0,38.81,23.2847
2,232,0.0027,0.0004,100.0,518.67,642.98,1590.33,1411.66,14.62,21.61,553.53,2388.11,9070.67,1.3,47.56,520.9,2388.07,8151.93,8.4395,0.03,394,2388,100.0,38.7,23.2459
2,233,-0.0023,-0.0004,100.0,518.67,642.96,1599.65,1413.34,14.62,21.61,553.49,2388.07,9070.71,1.3,47.66,521.63,2388.11,8146.92,8.448,0.03,392,2388,100.0,38.63,23.3894
2,234,-0.0022,-0.0002,100.0,518.67,643.49,1588.68,1412.07,14.62,21.61,553.31,2388.12,9070.14,1.3,47.58,521.42,2388.1,8150.84,8.4341,0.03,394,2388,100.0,38.87,23.2635
2,235,0.0019,0.0002,100.0,518.67,642.63,1594.54,1406.42,14.62,21.61,552.42,2388.12,9073.86,1.3,47.85,521.66,2388.12,8149.47,8.4699,0.03,394,2388,100.0,38.82,23.2137
2,236,-0.0044,0.0003,100.0,518.67,643.01,1598.16,1410.66,14.62,21.61,553.52,2388.15,9068.9,1.3,47.63,521.17,2388.11,8147.85,8.4679,0.03,394,2388,100.0,38.63,23.275
2,237,0.0027,0.0004,100.0,518.67,643.14,1593.05,1419.76,14.62,21.61,552.78,2388.11,9069.61,1.3,47.65,520.7,2388.12,8152.81,8.4742,0.03,394,2388,100.0,38.57,23.2618
2,238,-0.0018,-0.0,100.0,518.67,643.13,1599.64,1413.73,14.62,21.61,552.98,2388.11,9072.97,1.3,47.52,521.34,2388.12,8152.62,8.4681,0.03,394,2388,100.0,38.67,23.1829
2,239,0.0026,-0.0003,100.0,518.67,642.73,1598.37,1417.49,14.62,21.61,553.05,2388.13,9072.08,1.3,47.83,520.66,2388.12,8143.53,8.4318,0.03,394,2388,100.0,38.68,23.2728
2,240,-0.0017,-0.0002,100.0,518.67,642.61,1599.71,1406.54,14.62,21.61,553.18,2388.11,9077.79,1.3,47.66,521.18,2388.11,8152.44,8.482,0.03,393,2388,100.0,38.76,23.314
2,241,-0.0026,0.0001,100.0,518.67,643.14,1598.65,1418.33,14.62,21.61,552.36,2388.16,9075.94,1.3,47.7,521.1,2388.13,8151.05,8.4423,0.03,396,2388,100.0,38.8,23.1703
2,242,-0.0008,0.0004,100.0,518.67,643.77,1593.7,1408.71,14.62,21.61,553.07,2388.13,9078.67,1.3,47.54,521.6,2388.08,8155.17,8.4377,0.03,393,2388,100.0,38.78,23.2157
2,243,0.0042,-0.0002,100.0,518.67,643.04,1593.98,1411.41,14.62,21.61,552.71,2388.09,9078.11,1.3,47.55,521.05,2388.06,8152.43,8.4661,0.03,395,2388,100.0,38.57,23.2729
2,244,-0.0013,0.0005,100.0,518.67,642.88,1595.99,1413.04,14.62,21.61,552.68,2388.13,9072.86,1.3,47.71,520.6,2388.14,8156.27,8.4785,0.03,393,2388,100.0,38.57,23.3427
2,245,-0.0016,0.0005,100.0,518.67,642.7,1590.93,1418.05,14.62,21.61,552.75,2388.15,9081.05,1.3,47.75,521.03,2388.12,8152.57,8.4748,0.03,395,2388,100.0,38.73,23.2067
2,246,0.0001,0.0003,100.0,518.67,642.85,1589.74,1420.2,14.62,21.61,552.57,2388.12,9075.07,1.3,47.72,521.27,2388.11,8149.52,8.4702,0.03,396,2388,100.0,38.66,23.27
2,247,-0.0013,-0.0002,100.0,518.67,642.88,1601.2,1413.56,14.62,21.61,552.46,2388.1,9074.98,1.3,47.7,520.61,2388.14,8149.5,8.4745,0.03,394,2388,100.0,38.58,23.2229
2,248,0.0048,0.0001,100.0,518.67,643.06,1599.41,1417.22,14.62,21.61,552.52,2388.08,9088.08,1.3,47.75,520.49,2388.12,8156.5,8.5015,0.03,392,2388,100.0,38.8,23.19
2,249,0.0013,-0.0004,100.0,518.67,643.79,1599.77,1419.19,14.62,21.61,551.56,2388.17,9076.61,1.3,47.66,520.7,2388.13,8153.91,8.4615,0.03,395,2388,100.0,38.88,23.2251
2,250,-0.0029,0.0004,100.0,518.67,643.15,1598.28,1415.35,14.62,21.61,553.0,2388.16,9076.4,1.3,47.79,520.37,2388.07,8153.25,8.4495,0.03,394,2388,100.0,38.71,23.1868
2,251,-0.0017,-0.0003,100.0,518.67,642.47,1598.68,1418.61,14.62,21.61,552.01,2388.16,9077.39,1.3,47.92,520.99,2388.1,8149.06,8.467,0.03,394,2388,100.0,38.54,23.2506
2,252,-0.004,0.0004,100.0,518.67,642.83,1596.89,1422.69,14.62,21.61,552.51,2388.11,9077.59,1.3,47.7,519.98,2388.14,8155.19,8.4779,0.03,394,2388,100.0,38.5,23.2033
2,253,0.0009,-0.0002,100.0,518.67,643.01,1596.43,1416.12,14.62,21.61,553.07,2388.14,9084.1,1.3,47.69,520.7,2388.12,8159.27,8.4662,0.03,394,2388,100.0,38.72,23.17
2,254,-0.0009,0.0005,100.0,518.67,643.31,1593.88,1423.55,14.62,21.61,551.99,2388.15,9084.75,1.3,47.95,520.83,2388.15,8157.22,8.4604,0.03,393,2388,100.0,38.78,23.1766
2,255,0.0012,0.0006,100.0,518.67,643.48,1598.25,1412.73,14.62,21.61,553.26,2388.15,9082.41,1.3,47.67,520.85,2388.12,8156.91,8.4829,0.03,395,2388,100.0,38.67,23.2282
2,256,-0.0044,0.0004,100.0,518.67,642.92,1598.83,1421.46,14.62,21.61,552.68,2388.12,9083.63,1.3,47.77,520.67,2388.12,8153.87,8.5297,0.03,395,2388,100.0,38.62,23.2518
2,257,0.0,-0.0002,100.0,518.67,643.06,1593.17,1426.94,14.62,21.61,552.19,2388.14,9086.82,1.3,48.02,520.95,2388.14,8158.12,8.4847,0.03,395,2388,100.0,38.64,23.2133
2,258,0.0007,-0.0,100.0,518.67,642.93,1599.77,1421.07,14.62,21.61,552.71,2388.11,9082.16,1.3,47.66,520.79,2388.18,8156.39,8.4796,0.03,394,2388,100.0,38.49,23.1194
