unit,cycle,op_setting_1,op_setting_2,op_setting_3,sensor_1,sensor_2,sensor_3,sensor_4,sensor_5,sensor_6,sensor_7,sensor_8,sensor_9,sensor_10,sensor_11,sensor_12,sensor_13,sensor_14,sensor_15,sensor_16,sensor_17,sensor_18,sensor_19,sensor_20,sensor_21
1,151,-0.0019,-0.0001,100.0,518.67,642.82,1592.39,1411.94,14.62,21.61,552.41,2388.14,9048.12,1.3,47.58,520.94,2388.22,8127.21,8.4612,0.03,394,2388,100.0,38.56,23.2277
1,152,0.0009,-0.0001,100.0,518.67,642.67,1598.6,1420.83,14.62,21.61,552.62,2388.18,9043.9,1.3,47.72,520.39,2388.19,8119.0,8.4572,0.03,395,2388,100.0,38.77,23.2369
1,153,0.0011,-0.0004,100.0,518.67,642.99,1589.17,1414.56,14.62,21.61,552.68,2388.14,9049.43,1.3,47.74,520.69,2388.17,8124.14,8.4435,0.03,393,2388,100.0,38.78,23.1719
1,154,-0.0012,0.0,100.0,518.67,642.81,1597.03,1416.07,14.62,21.61,552.57,2388.14,9049.08,1.3,47.73,520.72,2388.18,8129.24,8.4794,0.03,394,2388,100.0,38.82,23.2366
1,155,-0.0033,0.0002,100.0,518.67,642.83,1590.4,1414.89,14.62,21.61,552.89,2388.16,9049.56,1.3,47.61,521.23,2388.17,8120.41,8.4729,0.03,394,2388,100.0,38.68,23.2749
1,156,-0.002,0.0003,100.0,518.67,643.04,1585.61,1421.23,14.62,21.61,553.24,2388.26,9044.21,1.3,47.58,520.75,2388.16,8128.48,8.4432,0.03,395,2388,100.0,38.77,23.2791
1,157,-0.0018,0.0002,100.0,518.67,642.2,1598.04,1412.47,14.62,21.61,552.32,2388.14,9053.12,1.3,47.72,520.94,2388.17,8125.07,8.4328,0.03,392,2388,100.0,38.67,23.2354
1,158,-0.0023,0.0001,100.0,518.67,642.88,1596.82,1410.09,14.62,21.61,553.19,2388.2,9049.22,1.3,47.68,520.88,2388.22,8126.33,8.4368,0.03,394,2388,100.0,38.75,23.2894
1,159,-0.0006,0.0001,100.0,518.67,642.89,1589.54,1420.37,14.62,21.61,552.18,2388.13,9048.06,1.3,47.76,520.65,2388.23,8127.61,8.4403,0.03,394,2388,100.0,38.76,23.253
1,160,-0.0006,-0.0004,100.0,518.67,643.45,1590.65,1418.08,14.62,21.61,551.87,2388.21,9045.42,1.3,47.84,520.47,2388.22,8122.68,8.4433,0.03,396,2388,100.0,38.52,23.2817
1,161,0.0008,0.0001,100.0,518.67,643.0,1594.2,1417.31,14.62,21.61,552.8,2388.18,9048.06,1.3,47.77,520.47,2388.18,8126.97,8.4405,0.03,394,2388,100.0,38.66,23.2962
1,162,-0.0005,0.0004,100.0,518.67,643.15,1592.22,1423.48,14.62,21.61,552.68,2388.15,9044.45,1.3,47.79,520.44,2388.2,8123.77,8.5015,0.03,394,2388,100.0,38.78,23.1538
1,163,0.0003,-0.0004,100.0,518.67,642.85,1600.54,1421.09,14.62,21.61,552.41,2388.2,9049.24,1.3,47.89,520.3,2388.2,8124.06,8.5129,0.03,393,2388,100.0,38.65,23.1419
1,164,0.0005,-0.0002,100.0,518.67,643.17,1598.96,1416.76,14.62,21.61,551.9,2388.17,9048.92,1.3,47.7,520.63,2388.28,8124.63,8.4803,0.03,394,2388,100.0,38.62,23.1761
1,165,0.001,0.0004,100.0,518.67,642.76,1597.03,1408.09,14.62,21.61,552.79,2388.19,9039.09,1.3,47.89,520.69,2388.24,8126.53,8.4922,0.03,393,2388,100.0,38.59,23.2129
1,166,-0.0022,-0.0003,100.0,518.67,643.34,1596.72,1422.37,14.62,21.61,552.13,2388.22,9043.11,1.3,47.86,520.02,2388.22,8119.14,8.4663,0.03,395,2388,100.0,38.62,23.145
1,167,0.0012,0.0003,100.0,518.67,643.02,1593.83,1414.72,14.62,21.61,552.57,2388.23,9042.05,1.3,47.85,520.49,2388.18,8122.41,8.4632,0.03,394,2388,100.0,38.77,23.3011
1,168,-0.0043,0.0002,100.0,518.67,642.68,1591.19,1415.7,14.62,21.61,552.09,2388.22,9036.35,1.3,47.84,520.78,2388.19,8124.44,8.4925,0.03,393,2388,100.0,38.76,23.277
1,169,-0.0017,0.0004,100.0,518.67,643.2,1590.16,1418.05,14.62,21.61,552.71,2388.25,9055.18,1.3,47.88,520.44,2388.18,8125.3,8.4767,0.03,394,2388,100.0,38.58,23.187
1,170,-0.0017,-0.0002,100.0,518.67,642.92,1592.71,1417.41,14.62,21.61,552.02,2388.21,9044.03,1.3,47.86,520.23,2388.26,8121.76,8.49,0.03,395,2388,100.0,38.66,23.1615
1,171,0.0004,-0.0003,100.0,518.67,643.26,1592.06,1414.99,14.62,21.61,552.71,2388.2,9042.12,1.3,48.03,519.85,2388.22,8124.87,8.4922,0.03,395,2388,100.0,38.68,23.2444
1,172,-0.0014,-0.0003,100.0,518.67,643.33,1591.71,1413.73,14.62,21.61,551.69,2388.24,9039.1,1.3,48.07,520.54,2388.26,8120.08,8.4595,0.03,393,2388,100.0,38.65,23.1585
1,173,-0.0032,0.0002,100.0,518.67,642.97,1590.69,1425.27,14.62,21.61,552.13,2388.22,9048.82,1.3,47.9,520.11,2388.23,8121.64,8.5091,0.03,395,2388,100.0,38.59,23.1789
1,174,-0.0001,-0.0002,100.0,518.67,642.64,1599.81,1422.58,14.62,21.61,552.32,2388.22,9041.25,1.3,48.0,520.22,2388.21,8119.17,8.4476,0.03,393,2388,100.0,38.57,23.0357
1,175,0.0001,0.0002,100.0,518.67,643.61,1603.29,1422.52,14.62,21.61,551.64,2388.23,9042.66,1.3,47.86,520.38,2388.22,8125.76,8.489,0.03,394,2388,100.0,38.58,23.1573
1,176,-0.002,-0.0003,100.0,518.67,642.86,1592.27,1422.73,14.62,21.61,551.91,2388.23,9045.74,1.3,47.84,519.8,2388.2,8123.8,8.4853,0.03,394,2388,100.0,38.72,23.2491
1,177,-0.0038,-0.0003,100.0,518.67,643.79,1602.02,1423.99,14.62,21.61,551.93,2388.25,9046.2,1.3,48.03,520.24,2388.23,8120.11,8.4779,0.03,396,2388,100.0,38.63,23.1673
1,178,-0.0001,0.0002,100.0,518.67,643.38,1605.33,1424.65,14.62,21.61,552.18,2388.23,9046.17,1.3,48.0,520.2,2388.2,8116.56,8.477,0.03,395,2388,100.0,38.65,23.177
1,179,0.0023,-0.0003,100.0,518.67,642.86,1592.56,1429.45,14.62,21.61,551.57,2388.26,9044.23,1.3,48.02,520.38,2388.18,8116.84,8.4947,0.03,395,2388,100.0,38.77,23.1888
1,180,-0.0024,0.0,100.0,518.67,643.58,1599.87,1417.14,14.62,21.61,552.91,2388.21,9039.33,1.3,47.85,519.84,2388.28,8122.57,8.4737,0.03,395,2388,100.0,38.86,23.007
1,181,-0.0006,0.0005,100.0,518.67,643.44,1596.71,1420.64,14.62,21.61,551.83,2388.23,9038.29,1.3,48.1,520.43,2388.23,8114.79,8.472,0.03,397,2388,100.0,38.34,23.1652
1,182,-0.001,0.0003,100.0,518.67,644.21,1602.08,1426.62,14.62,21.61,551.9,2388.26,9041.23,1.3,47.98,520.46,2388.25,8119.67,8.5158,0.03,397,2388,100.0,38.43,23.1787
1,183,0.0001,0.0001,100.0,518.67,643.24,1597.23,1419.03,14.62,21.61,551.38,2388.21,9040.94,1.3,48.03,520.05,2388.23,8117.8,8.5041,0.03,396,2388,100.0,38.56,23.1302
1,184,0.0004,0.0003,100.0,518.67,644.07,1605.44,1432.52,14.62,21.61,551.0,2388.24,9047.91,1.3,48.07,519.77,2388.28,8115.61,8.5133,0.03,395,2388,100.0,38.43,23.0146
1,185,0.0008,0.0001,100.0,518.67,643.8,1603.46,1424.4,14.62,21.61,551.64,2388.29,9043.71,1.3,48.15,519.82,2388.27,8113.69,8.4984,0.03,395,2388,100.0,38.51,23.07
1,186,0.0027,-0.0003,100.0,518.67,643.51,1595.16,1426.3,14.62,21.61,552.57,2388.21,9051.37,1.3,48.12,520.08,2388.25,8123.45,8.5227,0.03,397,2388,100.0,38.47,23.0564
1,187,-0.0047,-0.0,100.0,518.67,643.32,1592.1,1427.27,14.62,21.61,551.08,2388.29,9037.71,1.3,48.23,519.53,2388.28,8115.67,8.5218,0.03,396,2388,100.0,38.42,23.0822
1,188,-0.0067,0.0003,100.0,518.67,643.75,1602.38,1422.78,14.62,21.61,551.94,2388.31,9037.91,1.3,48.0,519.79,2388.23,8117.69,8.5207,0.03,396,2388,100.0,38.51,22.9588
1,189,-0.0006,0.0002,100.0,518.67,644.18,1596.17,1428.01,14.62,21.61,550.7,2388.27,9044.55,1.3,48.08,519.58,2388.33,8117.51,8.5183,0.03,395,2388,100.0,38.48,23.1127
1,190,-0.0027,0.0001,100.0,518.67,643.64,1599.22,1425.95,14.62,21.61,551.29,2388.29,9040.58,1.3,48.33,520.04,2388.35,8112.58,8.5223,0.03,398,2388,100.0,38.49,23.0675
1,191,-0.0,-0.0004,100.0,518.67,643.34,1602.36,1425.77,14.62,21.61,550.92,2388.28,9042.76,1.3,48.15,519.57,2388.3,8114.61,8.5174,0.03,394,2388,100.0,38.45,23.1295
1,192,0.0009,-0.0,100.0,518.67,643.54,1601.41,1427.2,14.62,21.61,551.25,2388.32,9033.22,1.3,48.25,520.08,2388.32,8110.93,8.5113,0.03,396,2388,100.0,38.48,22.9649
2,1,-0.0018,0.0006,100.0,518.67,641.89,1583.84,1391.28,14.62,21.6,554.53,2388.01,9054.72,1.3,46.93,522.33,2388.06,8137.72,8.3905,0.03,391,2388,100.0,38.94,23.4585
2,2,0.0043,-0.0003,100.0,518.67,641.82,1587.05,1393.13,14.62,21.61,554.77,2387.98,9051.31,1.3,47.24,522.7,2387.98,8131.09,8.4167,0.03,392,2388,100.0,39.06,23.4085
2,3,0.0018,0.0003,100.0,518.67,641.55,1588.32,1398.96,14.62,21.6,555.14,2388.04,9054.24,1.3,47.22,522.58,2387.99,8140.58,8.3802,0.03,391,2388,100.0,39.11,23.425
2,4,0.0035,-0.0004,100.0,518.67,641.68,1584.15,1396.08,14.62,21.61,554.25,2387.98,9058.01,1.3,47.1,522.49,2387.93,8140.44,8.4018,0.03,391,2388,100.0,39.13,23.5027
2,5,0.0005,0.0004,100.0,518.67,641.73,1579.03,1402.52,14.62,21.6,555.12,2388.03,9058.15,1.3,47.25,522.27,2387.94,8136.67,8.3867,0.03,390,2388,100.0,39.18,23.4234
2,6,-0.001,0.0004,100.0,518.67,641.3,1577.5,1396.76,14.62,21.61,554.98,2388.04,9054.07,1.3,47.05,522.8,2387.99,8133.65,8.38,0.03,392,2388,100.0,39.15,23.427
2,7,0.0001,-0.0002,100.0,518.67,642.03,1587.49,1400.65,14.62,21.61,554.84,2388.05,9052.67,1.3,47.1,522.14,2388.04,8136.33,8.3941,0.03,391,2388,100.0,39.1,23.4718
2,8,0.0015,-0.0004,100.0,518.67,642.55,1590.41,1395.39,14.62,21.61,554.65,2388.01,9055.82,1.3,47.2,522.77,2387.96,8137.92,8.3861,0.03,391,2388,100.0,39.11,23.4381
