unit,cycle,op_setting_1,op_setting_2,op_setting_3,sensor_1,sensor_2,sensor_3,sensor_4,sensor_5,sensor_6,sensor_7,sensor_8,sensor_9,sensor_10,sensor_11,sensor_12,sensor_13,sensor_14,sensor_15,sensor_16,sensor_17,sensor_18,sensor_19,sensor_20,sensor_21
3,72,-0.0014,-0.0002,100.0,518.67,642.25,1590.21,1389.86,14.62,21.61,554.25,2388.06,9052.95,1.3,47.48,521.66,2388.03,8138.14,8.4042,0.03,392,2388,100.0,38.88,23.293
3,73,0.0009,0.0002,100.0,518.67,642.42,1585.01,1400.06,14.62,21.6,554.31,2388.07,9062.66,1.3,47.23,523.18,2388.04,8139.97,8.406,0.03,392,2388,100.0,38.89,23.4922
3,74,0.0023,-0.0001,100.0,518.67,642.75,1589.64,1405.76,14.62,21.61,554.4,2388.03,9060.23,1.3,47.14,521.78,2388.04,8142.13,8.4211,0.03,392,2388,100.0,38.93,23.3845
3,75,-0.0007,-0.0002,100.0,518.67,642.25,1592.23,1406.98,14.62,21.61,553.73,2388.05,9059.09,1.3,47.25,522.24,2387.99,8144.98,8.4043,0.03,392,2388,100.0,39.1,23.41
3,76,-0.0032,-0.0001,100.0,518.67,642.52,1589.35,1405.34,14.62,21.61,553.91,2388.0,9062.69,1.3,47.35,522.25,2388.06,8140.33,8.3813,0.03,392,2388,100.0,38.95,23.4065
3,77,-0.0001,0.0001,100.0,518.67,642.98,1584.13,1405.99,14.62,21.61,554.08,2388.02,9069.75,1.3,47.16,522.52,2388.06,8143.62,8.4375,0.03,393,2388,100.0,38.78,23.4131
3,78,-0.0003,-0.0005,100.0,518.67,642.43,1579.52,1400.53,14.62,21.61,553.62,2388.06,9064.15,1.3,47.38,521.57,2388.09,8140.42,8.4174,0.03,390,2388,100.0,38.97,23.3301
3,79,0.0006,0.0004,100.0,518.67,642.31,1582.4,1403.49,14.62,21.61,553.6,2388.03,9063.54,1.3,47.28,522.72,2388.0,8144.12,8.384,0.03,393,2388,100.0,38.92,23.3451
3,80,-0.0003,-0.0003,100.0,518.67,641.74,1580.95,1405.37,14.62,21.61,553.21,2388.03,9062.23,1.3,47.34,521.97,2387.99,8148.72,8.3935,0.03,392,2388,100.0,39.03,23.5181
3,81,-0.0007,0.0002,100.0,518.67,642.55,1581.73,1402.65,14.62,21.61,553.88,2388.1,9056.0,1.3,47.46,521.34,2387.96,8144.95,8.4145,0.03,391,2388,100.0,38.86,23.3728
3,82,-0.003,-0.0003,100.0,518.67,642.24,1583.69,1400.4,14.62,21.61,553.7,2388.05,9071.16,1.3,47.22,522.16,2388.05,8148.16,8.4089,0.03,393,2388,100.0,38.87,23.3822
3,83,-0.0007,-0.0004,100.0,518.67,642.27,1591.3,1398.73,14.62,21.61,553.79,2388.0,9062.92,1.3,47.51,522.02,2388.01,8143.8,8.3789,0.03,393,2388,100.0,39.0,23.4426
3,84,-0.0031,0.0004,100.0,518.67,642.18,1593.32,1400.62,14.62,21.61,554.01,2388.03,9062.78,1.3,47.51,522.19,2388.06,8141.69,8.3901,0.03,392,2388,100.0,38.89,23.3873
3,85,0.0043,-0.0001,100.0,518.67,641.95,1587.14,1414.11,14.62,21.61,554.09,2388.01,9067.15,1.3,47.25,521.84,2388.07,8144.64,8.3949,0.03,391,2388,100.0,38.87,23.314
3,86,-0.0018,0.0003,100.0,518.67,642.69,1586.09,1401.01,14.62,21.61,553.83,2387.99,9067.61,1.3,47.37,522.19,2388.06,8145.65,8.4188,0.03,393,2388,100.0,39.03,23.3333
3,87,-0.0005,0.0,100.0,518.67,642.32,1588.25,1402.17,14.62,21.61,554.11,2388.01,9063.48,1.3,47.32,522.1,2388.02,8145.39,8.3939,0.03,391,2388,100.0,39.01,23.3373
3,88,0.0031,-0.0,100.0,518.67,642.27,1585.9,1400.09,14.62,21.61,553.59,2388.02,9067.17,1.3,47.33,521.9,2388.01,8146.69,8.4078,0.03,393,2388,100.0,39.04,23.2656
3,89,0.0006,0.0004,100.0,518.67,642.33,1582.29,1404.14,14.62,21.61,555.01,2388.05,9066.64,1.3,47.39,521.93,2388.02,8146.55,8.4044,0.03,394,2388,100.0,38.81,23.3864
3,90,-0.0008,-0.0002,100.0,518.67,642.36,1597.84,1406.26,14.62,21.61,554.58,2388.06,9068.61,1.3,47.4,521.92,2388.08,8146.94,8.3972,0.03,393,2388,100.0,38.81,23.2711
3,91,0.0051,-0.0004,100.0,518.67,641.99,1582.81,1399.5,14.62,21.61,553.72,2388.03,9058.01,1.3,47.38,521.83,2388.01,8139.12,8.4327,0.03,393,2388,100.0,38.95,23.3909
3,92,0.0022,-0.0004,100.0,518.67,642.29,1590.07,1400.27,14.62,21.61,553.5,2387.99,9066.58,1.3,47.39,521.96,2387.97,8152.49,8.373,0.03,391,2388,100.0,38.87,23.4344
3,93,0.0002,-0.0001,100.0,518.67,642.1,1593.66,1409.21,14.62,21.61,553.83,2387.99,9070.02,1.3,47.43,521.6,2388.09,8146.23,8.4032,0.03,392,2388,100.0,39.21,23.2352
3,94,0.0023,0.0005,100.0,518.67,642.58,1588.9,1401.08,14.62,21.6,554.76,2388.0,9069.01,1.3,47.48,521.94,2388.01,8147.33,8.4166,0.03,392,2388,100.0,39.0,23.4437
3,95,-0.0006,-0.0001,100.0,518.67,642.37,1585.69,1406.13,14.62,21.61,554.41,2388.09,9063.16,1.3,47.32,521.79,2388.05,8146.34,8.4012,0.03,392,2388,100.0,38.89,23.4594
3,96,-0.0003,0.0001,100.0,518.67,642.89,1582.86,1400.62,14.62,21.61,554.08,2388.0,9065.97,1.3,47.31,521.48,2388.0,8146.97,8.4333,0.03,393,2388,100.0,38.87,23.378
3,97,0.0008,-0.0005,100.0,518.67,642.94,1587.51,1408.05,14.62,21.61,554.13,2388.05,9066.74,1.3,47.41,522.71,2388.05,8152.99,8.4313,0.03,393,2388,100.0,38.79,23.3339
3,98,0.0006,-0.0004,100.0,518.67,642.4,1586.19,1403.62,14.62,21.61,553.85,2388.03,9066.24,1.3,47.35,521.93,2388.06,8148.92,8.4405,0.03,392,2388,100.0,38.96,23.2921
3,99,0.0005,-0.0001,100.0,518.67,642.67,1589.42,1398.72,14.62,21.61,553.82,2388.0,9067.95,1.3,47.37,522.06,2388.06,8147.73,8.4388,0.03,392,2388,100.0,38.91,23.3834
3,100,0.0008,-0.0004,100.0,518.67,642.29,1579.98,1404.16,14.62,21.61,554.94,2388.01,9071.46,1.3,47.3,522.01,2388.05,8148.27,8.4212,0.03,390,2388,100.0,38.88,23.3073
3,101,0.0002,-0.0003,100.0,518.67,642.24,1587.77,1405.55,14.62,21.61,554.34,2388.03,9067.93,1.3,47.42,522.6,2388.07,8146.15,8.4112,0.03,392,2388,100.0,38.75,23.3883
3,102,0.0003,0.0,100.0,518.67,642.63,1579.35,1408.84,14.62,21.61,553.87,2388.04,9068.94,1.3,47.39,521.95,2388.03,8154.61,8.3913,0.03,392,2388,100.0,38.97,23.3669
3,103,0.0003,-0.0003,100.0,518.67,642.28,1585.62,1395.4,14.62,21.61,553.38,2388.05,9075.57,1.3,47.48,522.05,2388.03,8154.38,8.4025,0.03,391,2388,100.0,38.96,23.3251
3,104,0.0051,0.0,100.0,518.67,642.46,1586.74,1403.37,14.62,21.61,554.63,2388.05,9070.59,1.3,47.44,521.66,2388.04,8146.65,8.4345,0.03,393,2388,100.0,38.93,23.2958
3,105,-0.0022,0.0004,100.0,518.67,641.85,1591.89,1397.73,14.62,21.61,553.69,2388.08,9062.39,1.3,47.32,521.73,2388.04,8145.37,8.4312,0.03,392,2388,100.0,38.93,23.321
3,106,-0.0014,-0.0001,100.0,518.67,642.51,1586.44,1405.62,14.62,21.61,554.31,2388.04,9074.76,1.3,47.32,522.11,2388.04,8157.87,8.4098,0.03,392,2388,100.0,38.93,23.3755
3,107,0.0004,0.0003,100.0,518.67,642.36,1586.96,1410.67,14.62,21.61,553.57,2388.07,9071.53,1.3,47.45,521.79,2388.04,8146.39,8.4326,0.03,392,2388,100.0,38.89,23.3666
3,108,-0.0005,-0.0002,100.0,518.67,642.98,1583.29,1405.94,14.62,21.61,553.52,2388.08,9068.9,1.3,47.25,521.48,2388.05,8147.9,8.4371,0.03,392,2388,100.0,38.89,23.4032
3,109,-0.0006,-0.0003,100.0,518.67,642.48,1588.21,1402.77,14.62,21.6,554.91,2388.05,9073.77,1.3,47.32,521.59,2388.05,8149.98,8.4285,0.03,392,2388,100.0,38.9,23.2637
3,110,-0.0008,0.0001,100.0,518.67,642.92,1592.41,1403.14,14.62,21.61,554.15,2388.04,9075.03,1.3,47.41,521.46,2388.05,8150.96,8.4157,0.03,393,2388,100.0,38.88,23.2577
3,111,0.001,-0.0005,100.0,518.67,642.25,1583.83,1401.73,14.62,21.61,553.74,2388.04,9070.35,1.3,47.41,522.09,2387.99,8152.99,8.4242,0.03,394,2388,100.0,38.77,23.3791
3,112,-0.0007,0.0002,100.0,518.67,642.65,1584.14,1400.61,14.62,21.61,553.64,2388.03,9067.74,1.3,47.41,521.35,2388.03,8155.89,8.4176,0.03,393,2388,100.0,39.0,23.314
3,113,0.0029,-0.0,100.0,518.67,642.5,1590.74,1408.52,14.62,21.61,554.0,2388.05,9071.48,1.3,47.41,522.28,2388.05,8152.76,8.4318,0.03,393,2388,100.0,38.95,23.3993
3,114,0.0019,-0.0005,100.0,518.67,642.46,1588.4,1407.81,14.62,21.61,554.04,2388.04,9076.18,1.3,47.18,521.68,2388.02,8154.99,8.4222,0.03,392,2388,100.0,38.78,23.3687
3,115,-0.001,0.0001,100.0,518.67,642.22,1588.97,1400.56,14.62,21.61,553.54,2388.02,9076.34,1.3,47.53,521.6,2388.08,8152.31,8.4566,0.03,393,2388,100.0,39.01,23.3428
3,116,0.0008,0.0002,100.0,518.67,642.62,1591.56,1407.84,14.62,21.61,553.54,2388.06,9068.22,1.3,47.36,521.91,2387.99,8145.08,8.4083,0.03,392,2388,100.0,38.77,23.4147
3,117,0.0012,0.0001,100.0,518.67,642.76,1587.74,1402.28,14.62,21.61,553.84,2388.05,9086.93,1.3,47.48,521.74,2388.04,8152.14,8.423,0.03,391,2388,100.0,38.84,23.4284
3,118,0.0004,0.0,100.0,518.67,642.26,1590.05,1408.53,14.62,21.61,553.52,2388.03,9076.02,1.3,47.44,522.37,2388.05,8152.0,8.4675,0.03,392,2388,100.0,38.92,23.2813
3,119,0.0022,-0.0002,100.0,518.67,642.0,1588.1,1398.22,14.62,21.61,553.47,2388.05,9075.77,1.3,47.53,521.72,2388.05,8157.34,8.4442,0.03,393,2388,100.0,38.85,23.2826
3,120,-0.0012,0.0005,100.0,518.67,642.6,1585.58,1408.79,14.62,21.61,553.63,2388.06,9075.42,1.3,47.35,521.47,2388.03,8161.18,8.4458,0.03,391,2388,100.0,38.83,23.3816
3,121,-0.0036,-0.0003,100.0,518.67,642.27,1585.86,1413.79,14.62,21.61,553.75,2388.03,9082.5,1.3,47.48,521.77,2388.01,8162.35,8.4103,0.03,392,2388,100.0,38.92,23.2834
