unit,cycle,op_setting_1,op_setting_2,op_setting_3,sensor_1,sensor_2,sensor_3,sensor_4,sensor_5,sensor_6,sensor_7,sensor_8,sensor_9,sensor_10,sensor_11,sensor_12,sensor_13,sensor_14,sensor_15,sensor_16,sensor_17,sensor_18,sensor_19,sensor_20,sensor_21
3,122,0.0011,-0.0002,100.0,518.67,642.72,1586.83,1406.06,14.62,21.61,553.77,2388.02,9084.14,1.3,47.43,521.94,2388.05,8160.58,8.413,0.03,393,2388,100.0,38.72,23.2005
3,123,-0.0009,0.0001,100.0,518.67,642.49,1594.72,1408.04,14.62,21.61,554.28,2388.04,9079.55,1.3,47.56,522.27,2388.03,8164.19,8.4506,0.03,394,2388,100.0,39.0,23.4
3,124,-0.0048,-0.0003,100.0,518.67,642.0,1588.41,1405.29,14.62,21.61,553.12,2388.04,9083.78,1.3,47.31,521.32,2388.1,8161.91,8.4264,0.03,394,2388,100.0,39.09,23.3056
3,125,-0.0007,0.0002,100.0,518.67,642.82,1580.5,1405.04,14.62,21.61,553.25,2388.01,9081.3,1.3,47.34,521.86,2388.06,8161.3,8.464,0.03,394,2388,100.0,38.8,23.2509
3,126,0.0013,0.0004,100.0,518.67,642.76,1583.13,1409.96,14.62,21.61,554.41,2388.02,9076.07,1.3,47.41,521.56,2388.11,8156.2,8.4597,0.03,394,2388,100.0,38.9,23.2845
3,127,0.0029,0.0001,100.0,518.67,642.67,1593.61,1395.95,14.62,21.61,554.01,2388.05,9088.03,1.3,47.54,521.42,2388.09,8164.96,8.437,0.03,392,2388,100.0,38.91,23.2823
3,128,-0.0008,-0.0003,100.0,518.67,642.22,1592.24,1409.32,14.62,21.61,553.67,2388.02,9084.04,1.3,47.55,522.15,2388.07,8169.19,8.4587,0.03,394,2388,100.0,38.89,23.3247
3,129,0.0003,0.0005,100.0,518.67,643.1,1597.5,1405.91,14.62,21.61,553.56,2388.07,9091.26,1.3,47.33,522.43,2388.04,8163.03,8.43,0.03,393,2388,100.0,38.87,23.2454
3,130,-0.0006,0.0,100.0,518.67,642.57,1584.08,1410.11,14.62,21.61,553.51,2388.1,9089.67,1.3,47.53,521.55,2388.09,8168.38,8.4656,0.03,392,2388,100.0,38.85,23.322
3,131,-0.0042,0.0002,100.0,518.67,642.5,1589.91,1406.13,14.62,21.61,553.7,2388.09,9085.91,1.3,47.44,521.22,2388.02,8166.86,8.4311,0.03,394,2388,100.0,38.77,23.2491
3,132,-0.0013,-0.0001,100.0,518.67,642.35,1592.88,1408.51,14.62,21.61,553.0,2388.07,9095.25,1.3,47.57,521.22,2388.03,8166.4,8.4631,0.03,394,2388,100.0,38.82,23.3883
3,133,-0.001,-0.0003,100.0,518.67,642.62,1589.14,1409.48,14.62,21.61,553.52,2388.01,9089.42,1.3,47.47,521.44,2388.0,8167.34,8.4447,0.03,394,2388,100.0,38.75,23.3143
3,134,0.0005,-0.0005,100.0,518.67,642.45,1586.99,1406.61,14.62,21.61,554.21,2388.05,9091.09,1.3,47.64,521.6,2388.07,8169.28,8.4601,0.03,393,2388,100.0,38.84,23.208
3,135,0.0012,-0.0,100.0,518.67,642.52,1588.65,1407.5,14.62,21.61,553.69,2387.99,9089.64,1.3,47.54,521.63,2388.06,8163.38,8.4512,0.03,393,2388,100.0,38.79,23.3407
3,136,0.0015,-0.0001,100.0,518.67,642.6,1592.25,1405.41,14.62,21.61,553.83,2388.08,9097.15,1.3,47.6,521.37,2388.09,8166.47,8.4234,0.03,395,2388,100.0,38.66,23.272
3,137,-0.0039,0.0004,100.0,518.67,642.75,1589.57,1409.77,14.62,21.61,554.36,2388.08,9097.8,1.3,47.33,521.66,2388.03,8173.71,8.4339,0.03,394,2388,100.0,38.74,23.244
3,138,0.0013,-0.0,100.0,518.67,642.3,1599.56,1407.3,14.62,21.61,553.57,2388.01,9097.97,1.3,47.52,521.91,2388.05,8166.72,8.4614,0.03,393,2388,100.0,38.88,23.2957
3,139,-0.0022,0.0005,100.0,518.67,643.08,1594.87,1415.14,14.62,21.61,553.81,2388.08,9089.36,1.3,47.53,521.71,2388.07,8173.47,8.4823,0.03,393,2388,100.0,38.86,23.3022
3,140,-0.0009,0.0002,100.0,518.67,642.87,1589.67,1414.46,14.62,21.61,553.12,2388.04,9089.2,1.3,47.39,521.33,2388.0,8175.9,8.4544,0.03,394,2388,100.0,38.89,23.2051
3,141,0.0025,0.0003,100.0,518.67,643.08,1584.87,1412.02,14.62,21.61,553.08,2388.11,9098.7,1.3,47.66,521.7,2388.04,8177.5,8.4394,0.03,394,2388,100.0,38.77,23.2201
3,142,-0.0012,0.0003,100.0,518.67,643.03,1587.35,1413.05,14.62,21.61,552.85,2388.02,9098.87,1.3,47.69,521.23,2388.06,8177.01,8.4786,0.03,394,2388,100.0,38.91,23.3298
3,143,0.0012,0.0004,100.0,518.67,642.48,1594.94,1402.45,14.62,21.61,553.0,2388.05,9101.3,1.3,47.56,521.36,2388.08,8177.99,8.4217,0.03,394,2388,100.0,38.73,23.3126
3,144,0.004,-0.0001,100.0,518.67,642.48,1593.19,1416.18,14.62,21.61,552.94,2388.06,9101.55,1.3,47.49,521.33,2388.07,8179.98,8.4587,0.03,391,2388,100.0,38.71,23.2089
3,145,-0.0022,-0.0003,100.0,518.67,642.65,1591.66,1403.51,14.62,21.61,553.55,2388.06,9105.53,1.3,47.47,521.27,2388.03,8179.92,8.4219,0.03,394,2388,100.0,38.88,23.2711
3,146,0.0017,0.0004,100.0,518.67,643.71,1589.2,1413.64,14.62,21.61,553.85,2388.07,9109.59,1.3,47.43,521.16,2388.03,8183.78,8.458,0.03,393,2388,100.0,38.74,23.331
3,147,0.0023,0.0001,100.0,518.67,643.07,1590.59,1411.55,14.62,21.61,553.79,2388.09,9109.19,1.3,47.62,521.37,2388.02,8183.29,8.4965,0.03,396,2388,100.0,38.92,23.3225
3,148,-0.0013,0.0003,100.0,518.67,642.69,1589.28,1421.05,14.62,21.61,553.37,2388.05,9112.94,1.3,47.5,521.1,2388.09,8177.05,8.4426,0.03,394,2388,100.0,38.77,23.2463
3,149,0.0014,-0.0,100.0,518.67,643.26,1594.66,1414.51,14.62,21.61,552.71,2388.09,9113.8,1.3,47.64,521.18,2388.06,8183.53,8.4499,0.03,394,2388,100.0,38.8,23.3094
3,150,0.0002,-0.0003,100.0,518.67,643.08,1591.34,1407.58,14.62,21.61,553.35,2388.04,9108.76,1.3,47.78,521.77,2388.12,8185.67,8.4995,0.03,393,2388,100.0,38.84,23.2518
3,151,0.0009,-0.0,100.0,518.67,643.04,1594.47,1420.87,14.62,21.61,552.82,2388.05,9117.82,1.3,47.61,521.26,2388.04,8192.2,8.442,0.03,393,2388,100.0,38.74,23.2479
3,152,-0.002,-0.0003,100.0,518.67,643.34,1599.53,1411.65,14.62,21.61,553.59,2388.06,9116.1,1.3,47.66,520.99,2388.02,8186.26,8.4818,0.03,395,2388,100.0,38.86,23.3026
3,153,-0.001,0.0004,100.0,518.67,642.89,1594.75,1416.95,14.62,21.61,553.63,2388.08,9114.32,1.3,47.63,521.06,2388.14,8191.86,8.4479,0.03,395,2388,100.0,38.72,23.1607
3,154,0.0021,-0.0001,100.0,518.67,643.15,1599.04,1414.53,14.62,21.61,553.26,2388.03,9123.01,1.3,47.63,521.48,2388.0,8191.96,8.4483,0.03,393,2388,100.0,38.63,23.1781
3,155,0.0006,0.0002,100.0,518.67,642.83,1588.51,1413.92,14.62,21.61,553.47,2388.05,9130.48,1.3,47.69,521.28,2388.01,8193.56,8.462,0.03,395,2388,100.0,38.71,23.2262
3,156,-0.0002,-0.0003,100.0,518.67,643.52,1597.3,1411.91,14.62,21.61,553.03,2388.09,9121.93,1.3,47.67,521.1,2388.04,8196.33,8.4749,0.03,396,2388,100.0,38.7,23.1933
3,157,-0.0006,0.0004,100.0,518.67,642.84,1599.31,1414.01,14.62,21.61,552.54,2388.11,9126.88,1.3,47.82,521.11,2388.07,8195.97,8.4683,0.03,395,2388,100.0,38.6,23.0792
3,158,-0.0003,-0.0003,100.0,518.67,643.19,1593.16,1421.83,14.62,21.61,553.21,2388.1,9134.44,1.3,47.74,521.26,2388.07,8204.2,8.4977,0.03,394,2388,100.0,38.56,23.1803
3,159,-0.0005,-0.0004,100.0,518.67,642.71,1597.8,1415.2,14.62,21.61,553.19,2388.11,9127.25,1.3,47.72,521.08,2388.04,8198.23,8.4882,0.03,394,2388,100.0,38.6,23.1906
3,160,0.0058,0.0002,100.0,518.67,642.48,1595.61,1415.88,14.62,21.61,553.16,2388.1,9131.44,1.3,47.76,521.16,2388.13,8203.54,8.4458,0.03,393,2388,100.0,38.69,23.2144
3,161,-0.0015,-0.0001,100.0,518.67,643.6,1594.41,1416.4,14.62,21.61,552.82,2388.06,9146.21,1.3,47.68,520.48,2388.09,8202.48,8.4779,0.03,394,2388,100.0,38.62,23.19
3,162,0.0022,0.0002,100.0,518.67,643.11,1594.78,1420.33,14.62,21.61,552.97,2388.12,9134.86,1.3,47.89,521.51,2388.04,8204.85,8.4726,0.03,393,2388,100.0,38.67,23.0617
3,163,-0.0016,0.0,100.0,518.67,643.0,1597.51,1422.22,14.62,21.61,553.11,2388.13,9142.78,1.3,47.58,521.34,2388.13,8209.22,8.4766,0.03,394,2388,100.0,38.64,23.1448
3,164,0.0007,-0.0003,100.0,518.67,643.09,1601.99,1416.56,14.62,21.61,552.81,2388.09,9143.64,1.3,47.81,520.78,2388.06,8209.0,8.5019,0.03,395,2388,100.0,38.74,23.0846
3,165,-0.0005,-0.0001,100.0,518.67,642.96,1601.94,1416.31,14.62,21.61,552.94,2388.09,9150.46,1.3,47.97,521.1,2388.09,8215.68,8.4846,0.03,396,2388,100.0,38.69,23.123
3,166,0.003,-0.0002,100.0,518.67,642.9,1598.82,1419.27,14.62,21.61,552.56,2388.04,9153.66,1.3,47.79,520.98,2388.08,8218.07,8.5133,0.03,395,2388,100.0,38.52,23.1578
3,167,0.0027,0.0004,100.0,518.67,643.38,1605.41,1415.96,14.62,21.61,551.95,2388.17,9149.93,1.3,47.97,520.47,2388.11,8223.46,8.4815,0.03,396,2388,100.0,38.68,23.147
3,168,-0.0012,0.0002,100.0,518.67,643.46,1593.72,1422.59,14.62,21.61,552.04,2388.11,9154.65,1.3,47.93,520.75,2388.1,8221.68,8.5141,0.03,395,2388,100.0,38.49,23.2036
3,169,0.0016,-0.0001,100.0,518.67,643.55,1602.9,1424.39,14.62,21.61,552.76,2388.13,9157.05,1.3,47.9,520.19,2388.14,8230.54,8.4936,0.03,395,2388,100.0,38.52,23.1723
3,170,-0.0015,-0.0003,100.0,518.67,643.35,1606.1,1428.52,14.62,21.61,553.34,2388.12,9159.3,1.3,48.14,520.62,2388.13,8230.71,8.4758,0.03,395,2388,100.0,38.48,23.1829
3,171,-0.0011,-0.0003,100.0,518.67,643.36,1603.48,1419.33,14.62,21.61,551.57,2388.16,9170.51,1.3,47.91,520.75,2388.15,8233.24,8.5011,0.03,395,2388,100.0,38.7,23.1225
