unit,cycle,op_setting_1,op_setting_2,op_setting_3,sensor_1,sensor_2,sensor_3,sensor_4,sensor_5,sensor_6,sensor_7,sensor_8,sensor_9,sensor_10,sensor_11,sensor_12,sensor_13,sensor_14,sensor_15,sensor_16,sensor_17,sensor_18,sensor_19,sensor_20,sensor_21
2,159,-0.0018,-0.0003,100.0,518.67,641.81,1593.89,1399.71,14.62,21.61,553.7,2388.04,9058.8,1.3,47.26,522.2,2388.0,8138.61,8.4138,0.03,393,2388,100.0,38.89,23.3979
2,160,0.0033,-0.0003,100.0,518.67,642.53,1585.65,1409.72,14.62,21.61,554.65,2388.07,9059.7,1.3,47.46,521.96,2388.05,8144.03,8.4012,0.03,393,2388,100.0,38.92,23.4119
2,161,-0.0031,0.0003,100.0,518.67,642.08,1586.65,1396.32,14.62,21.61,554.18,2388.05,9057.22,1.3,47.19,521.96,2388.04,8140.21,8.4601,0.03,393,2388,100.0,38.83,23.4036
2,162,0.0028,0.0003,100.0,518.67,641.71,1588.83,1401.23,14.62,21.61,553.95,2388.06,9062.65,1.3,47.42,522.09,2388.01,8134.78,8.3739,0.03,392,2388,100.0,39.05,23.4045
2,163,0.0007,0.0004,100.0,518.67,642.88,1589.56,1396.2,14.62,21.61,553.96,2388.08,9059.47,1.3,47.29,521.55,2388.05,8142.54,8.3904,0.03,392,2388,100.0,38.94,23.4442
2,164,0.0043,0.0003,100.0,518.67,642.82,1588.23,1405.5,14.62,21.61,554.31,2387.99,9055.65,1.3,47.32,521.74,2388.04,8138.6,8.4304,0.03,391,2388,100.0,38.97,23.4381
2,165,-0.0043,0.0004,100.0,518.67,642.17,1588.55,1402.96,14.62,21.61,553.71,2388.03,9060.97,1.3,47.39,522.28,2387.97,8134.48,8.4068,0.03,392,2388,100.0,38.93,23.4707
2,166,-0.0068,0.0002,100.0,518.67,641.79,1589.09,1394.26,14.62,21.61,553.71,2388.03,9060.46,1.3,47.43,521.96,2388.01,8142.11,8.4111,0.03,392,2388,100.0,38.87,23.4352
2,167,0.0005,-0.0001,100.0,518.67,642.25,1588.74,1395.35,14.62,21.61,553.62,2388.01,9056.24,1.3,47.39,522.11,2388.03,8148.57,8.4261,0.03,393,2388,100.0,38.84,23.3977
2,168,-0.0026,-0.0003,100.0,518.67,642.55,1593.95,1404.01,14.62,21.61,554.32,2388.04,9055.88,1.3,47.3,521.89,2388.04,8135.51,8.4329,0.03,391,2388,100.0,38.84,23.3787
2,169,-0.0004,0.0003,100.0,518.67,642.26,1581.85,1406.06,14.62,21.61,553.06,2388.06,9059.37,1.3,47.33,521.77,2388.09,8141.96,8.4214,0.03,391,2388,100.0,38.93,23.3766
2,170,0.0025,0.0004,100.0,518.67,642.14,1577.26,1405.93,14.62,21.61,553.84,2388.03,9065.67,1.3,47.35,522.36,2388.07,8140.59,8.4079,0.03,394,2388,100.0,38.88,23.3532
2,171,0.0012,0.0005,100.0,518.67,642.21,1587.94,1410.34,14.62,21.61,553.84,2388.03,9060.51,1.3,47.34,521.89,2388.02,8143.29,8.4027,0.03,392,2388,100.0,38.91,23.287
2,172,-0.0041,0.0004,100.0,518.67,642.07,1589.42,1398.26,14.62,21.61,553.69,2388.06,9055.7,1.3,47.25,521.42,2388.09,8134.03,8.4109,0.03,392,2388,100.0,39.09,23.3496
2,173,0.0003,-0.0002,100.0,518.67,642.66,1589.0,1403.22,14.62,21.61,554.64,2388.04,9058.55,1.3,47.27,521.4,2388.05,8140.73,8.4288,0.03,392,2388,100.0,38.92,23.3576
2,174,-0.0009,-0.0003,100.0,518.67,642.34,1588.01,1403.24,14.62,21.61,553.76,2388.08,9066.4,1.3,47.31,521.85,2388.04,8144.79,8.3994,0.03,394,2388,100.0,39.02,23.3513
2,175,-0.0005,0.0005,100.0,518.67,642.46,1584.58,1398.37,14.62,21.61,554.01,2388.02,9067.91,1.3,47.45,522.2,2388.08,8140.85,8.417,0.03,393,2388,100.0,38.88,23.3065
2,176,-0.001,-0.0004,100.0,518.67,642.32,1585.73,1405.47,14.62,21.61,554.15,2388.04,9058.59,1.3,47.22,521.54,2388.07,8147.04,8.4189,0.03,392,2388,100.0,39.08,23.4372
2,177,0.0004,-0.0001,100.0,518.67,642.35,1586.88,1400.31,14.62,21.61,554.59,2388.06,9057.99,1.3,47.42,521.95,2388.04,8139.0,8.4153,0.03,393,2388,100.0,38.74,23.3538
2,178,0.0031,0.0003,100.0,518.67,642.43,1590.29,1404.39,14.62,21.61,553.83,2388.04,9056.85,1.3,47.56,521.97,2388.07,8146.93,8.3914,0.03,391,2388,100.0,38.85,23.353
2,179,-0.0024,-0.0001,100.0,518.67,642.33,1584.55,1399.3,14.62,21.61,553.86,2388.03,9060.98,1.3,47.37,522.48,2388.03,8140.62,8.4462,0.03,394,2388,100.0,38.91,23.3329
2,180,-0.0011,0.0,100.0,518.67,642.5,1593.51,1402.27,14.62,21.61,554.21,2388.11,9058.3,1.3,47.52,521.76,2388.05,8139.98,8.4404,0.03,392,2388,100.0,39.04,23.3712
2,181,0.0003,-0.0002,100.0,518.67,642.01,1585.87,1399.24,14.62,21.61,554.29,2388.03,9057.86,1.3,47.27,522.19,2388.01,8134.52,8.4148,0.03,393,2388,100.0,38.92,23.3777
2,182,-0.0,-0.0002,100.0,518.67,642.39,1586.42,1406.61,14.62,21.61,553.63,2388.03,9069.4,1.3,47.52,522.39,2388.09,8143.47,8.4072,0.03,392,2388,100.0,39.04,23.2931
2,183,-0.0015,-0.0002,100.0,518.67,642.6,1584.95,1406.15,14.62,21.61,554.35,2388.08,9064.12,1.3,47.24,521.84,2388.06,8142.25,8.4225,0.03,392,2388,100.0,38.85,23.3851
2,184,0.0037,0.0,100.0,518.67,642.43,1585.66,1408.13,14.62,21.61,554.99,2388.04,9067.28,1.3,47.47,521.86,2388.06,8142.27,8.3996,0.03,394,2388,100.0,38.85,23.4003
2,185,-0.002,0.0004,100.0,518.67,642.66,1581.09,1407.11,14.62,21.61,554.53,2388.02,9059.27,1.3,47.23,522.22,2388.05,8143.76,8.42,0.03,392,2388,100.0,38.94,23.2801
2,186,-0.0004,0.0002,100.0,518.67,642.8,1582.46,1404.35,14.62,21.61,554.42,2388.05,9063.38,1.3,47.47,521.82,2388.16,8145.64,8.4131,0.03,393,2388,100.0,38.75,23.3416
2,187,0.0019,0.0002,100.0,518.67,642.69,1588.88,1407.54,14.62,21.61,553.32,2388.08,9060.97,1.3,47.51,521.09,2388.05,8136.8,8.4101,0.03,392,2388,100.0,38.93,23.3926
2,188,0.0024,0.0002,100.0,518.67,642.64,1582.97,1402.72,14.62,21.61,554.26,2388.07,9062.7,1.3,47.37,522.34,2388.04,8139.36,8.4124,0.03,392,2388,100.0,38.82,23.306
2,189,0.0003,0.0002,100.0,518.67,642.81,1583.54,1403.09,14.62,21.61,554.03,2388.03,9069.79,1.3,47.42,521.7,2388.04,8141.68,8.4253,0.03,393,2388,100.0,39.02,23.2923
2,190,0.0013,0.0004,100.0,518.67,642.48,1592.5,1405.73,14.62,21.61,554.4,2388.06,9059.23,1.3,47.2,521.73,2388.03,8139.4,8.4128,0.03,393,2388,100.0,39.04,23.2623
2,191,-0.0009,0.0004,100.0,518.67,642.23,1584.59,1407.64,14.62,21.61,553.42,2388.04,9064.99,1.3,47.4,521.92,2388.05,8142.41,8.4694,0.03,393,2388,100.0,38.93,23.3507
2,192,0.0003,0.0002,100.0,518.67,642.18,1589.95,1404.07,14.62,21.6,553.09,2388.03,9071.88,1.3,47.49,521.7,2388.09,8141.81,8.4309,0.03,392,2388,100.0,38.87,23.3049
2,193,-0.0021,-0.0003,100.0,518.67,642.13,1588.28,1399.59,14.62,21.61,553.54,2388.09,9063.55,1.3,47.3,521.16,2388.08,8144.36,8.4143,0.03,393,2388,100.0,38.73,23.2606
2,194,-0.0003,-0.0003,100.0,518.67,643.1,1592.38,1404.64,14.62,21.61,553.86,2388.05,9065.99,1.3,47.69,522.17,2388.1,8142.38,8.4304,0.03,393,2388,100.0,38.9,23.3282
2,195,-0.0026,0.0004,100.0,518.67,643.24,1591.55,1410.18,14.62,21.61,553.22,2388.01,9060.17,1.3,47.32,521.92,2388.07,8147.43,8.4224,0.03,393,2388,100.0,39.09,23.3326
2,196,0.0003,0.0004,100.0,518.67,642.64,1591.39,1408.59,14.62,21.61,554.31,2388.15,9054.2,1.3,47.43,522.02,2388.06,8139.28,8.4614,0.03,393,2388,100.0,39.04,23.3682
2,197,0.0018,0.0005,100.0,518.67,642.55,1588.64,1403.29,14.62,21.61,554.07,2388.07,9061.28,1.3,47.36,521.47,2388.06,8148.8,8.4387,0.03,390,2388,100.0,38.79,23.3426
2,198,-0.0051,0.0003,100.0,518.67,643.21,1596.17,1402.91,14.62,21.61,553.94,2388.05,9059.21,1.3,47.14,521.5,2388.05,8146.21,8.441,0.03,392,2388,100.0,38.9,23.2813
2,199,0.0026,0.0001,100.0,518.67,642.44,1587.17,1409.39,14.62,21.61,554.06,2388.09,9061.54,1.3,47.49,521.22,2388.08,8144.69,8.429,0.03,394,2388,100.0,39.08,23.2433
2,200,-0.0017,0.0,100.0,518.67,642.74,1589.73,1406.28,14.62,21.61,553.13,2388.08,9065.78,1.3,47.44,521.69,2388.07,8144.69,8.4143,0.03,394,2388,100.0,38.95,23.4101
2,201,0.0021,0.0002,100.0,518.67,642.31,1595.57,1400.92,14.62,21.61,554.25,2388.04,9062.65,1.3,47.44,521.88,2388.1,8144.5,8.4458,0.03,392,2388,100.0,38.93,23.3551
2,202,-0.0001,0.0003,100.0,518.67,642.56,1589.47,1408.72,14.62,21.61,554.14,2388.14,9070.71,1.3,47.45,522.01,2388.03,8148.95,8.4287,0.03,392,2388,100.0,38.68,23.1814
2,203,0.0048,0.0001,100.0,518.67,641.95,1593.02,1410.33,14.62,21.61,553.2,2388.05,9070.42,1.3,47.58,521.41,2388.12,8137.27,8.4197,0.03,393,2388,100.0,38.7,23.1596
2,204,0.0012,0.0003,100.0,518.67,642.46,1591.84,1404.01,14.62,21.61,553.94,2388.02,9064.87,1.3,47.43,521.33,2388.06,8145.46,8.4779,0.03,393,2388,100.0,38.93,23.3788
2,205,-0.0021,0.0003,100.0,518.67,642.65,1586.59,1409.11,14.62,21.61,552.83,2388.07,9065.07,1.3,47.42,521.48,2388.09,8144.24,8.4298,0.03,393,2388,100.0,39.01,23.3266
2,206,-0.0004,-0.0003,100.0,518.67,642.51,1588.18,1411.14,14.62,21.61,553.86,2388.03,9059.13,1.3,47.24,521.37,2388.08,8145.04,8.4086,0.03,391,2388,100.0,38.8,23.3974
2,207,-0.0003,-0.0004,100.0,518.67,642.73,1591.04,1402.94,14.62,21.61,553.06,2388.05,9067.79,1.3,47.39,521.55,2388.04,8146.73,8.4175,0.03,392,2388,100.0,38.87,23.308
2,208,0.0004,0.0004,100.0,518.67,642.6,1590.29,1407.93,14.62,21.61,553.09,2388.05,9061.96,1.3,47.51,521.64,2388.11,8140.99,8.458,0.03,394,2388,100.0,38.75,23.2931
