unit,cycle,op_setting_1,op_setting_2,op_setting_3,sensor_1,sensor_2,sensor_3,sensor_4,sensor_5,sensor_6,sensor_7,sensor_8,sensor_9,sensor_10,sensor_11,sensor_12,sensor_13,sensor_14,sensor_15,sensor_16,sensor_17,sensor_18,sensor_19,sensor_20,sensor_21
2,9,0.0017,-0.0004,100.0,518.67,641.98,1581.99,1395.01,14.62,21.6,554.69,2388.02,9051.67,1.3,47.14,522.4,2387.98,8145.29,8.3868,0.03,390,2388,100.0,39.06,23.4875
2,10,-0.0045,0.0002,100.0,518.67,641.99,1586.37,1394.86,14.62,21.6,554.63,2387.99,9058.88,1.3,47.21,521.99,2387.97,8138.64,8.3982,0.03,391,2388,100.0,39.2,23.6005
2,11,0.0006,0.0004,100.0,518.67,642.26,1589.21,1401.29,14.62,21.61,554.7,2388.01,9053.21,1.3,47.21,522.2,2388.03,8135.85,8.4188,0.03,392,2388,100.0,39.23,23.3888
2,12,0.0002,0.0006,100.0,518.67,641.64,1579.99,1401.9,14.62,21.61,554.57,2387.98,9047.89,1.3,47.13,521.94,2387.97,8136.49,8.3925,0.03,392,2388,100.0,39.12,23.4201
2,13,0.0007,0.0005,100.0,518.67,641.78,1586.77,1401.53,14.62,21.61,554.69,2387.94,9053.63,1.3,47.03,522.33,2387.99,8140.61,8.3742,0.03,391,2388,100.0,38.88,23.4317
2,14,-0.0024,-0.0004,100.0,518.67,641.66,1584.04,1395.46,14.62,21.61,554.47,2388.01,9047.3,1.3,47.12,523.07,2387.98,8140.09,8.3887,0.03,391,2388,100.0,38.93,23.4074
2,15,-0.0012,-0.0003,100.0,518.67,642.21,1579.84,1402.11,14.62,21.61,554.17,2388.02,9049.82,1.3,47.17,521.96,2388.02,8137.72,8.3704,0.03,393,2388,100.0,38.94,23.4311
2,16,-0.001,0.0003,100.0,518.67,641.81,1581.99,1393.46,14.62,21.61,554.53,2387.99,9051.79,1.3,47.24,522.49,2387.95,8133.45,8.3805,0.03,392,2388,100.0,39.01,23.4462
2,17,0.0003,-0.0001,100.0,518.67,642.43,1583.58,1390.27,14.62,21.61,553.62,2388.04,9052.05,1.3,47.13,522.71,2388.08,8134.78,8.3714,0.03,391,2388,100.0,39.04,23.5245
2,18,0.0014,0.0001,100.0,518.67,641.95,1588.43,1400.25,14.62,21.61,554.83,2388.0,9051.35,1.3,47.22,522.92,2388.0,8133.2,8.4053,0.03,391,2388,100.0,39.0,23.4203
2,19,0.0025,0.0001,100.0,518.67,641.75,1576.84,1401.77,14.62,21.61,555.25,2388.02,9055.07,1.3,47.14,522.38,2387.98,8137.51,8.4035,0.03,392,2388,100.0,39.1,23.4102
2,20,0.0042,-0.0004,100.0,518.67,642.34,1582.94,1394.38,14.62,21.61,554.64,2388.0,9050.27,1.3,47.14,522.54,2387.94,8139.83,8.3698,0.03,391,2388,100.0,39.02,23.3821
2,21,-0.0023,0.0001,100.0,518.67,642.05,1579.51,1392.28,14.62,21.61,554.72,2388.03,9055.29,1.3,47.04,522.58,2388.01,8136.57,8.3954,0.03,391,2388,100.0,39.24,23.5014
2,22,0.0024,0.0006,100.0,518.67,642.16,1580.18,1397.67,14.62,21.61,554.35,2387.96,9053.31,1.3,47.17,521.73,2388.04,8140.79,8.3792,0.03,391,2388,100.0,38.98,23.4241
2,23,-0.0013,0.0003,100.0,518.67,642.37,1580.89,1387.5,14.62,21.61,554.69,2387.96,9051.43,1.3,47.21,522.26,2388.07,8131.57,8.3937,0.03,393,2388,100.0,39.1,23.2867
2,24,-0.0019,-0.0,100.0,518.67,641.99,1580.97,1398.67,14.62,21.61,553.5,2387.98,9052.35,1.3,47.15,522.25,2387.97,8136.16,8.3866,0.03,391,2388,100.0,39.18,23.3981
2,25,0.0063,0.0001,100.0,518.67,641.81,1585.38,1396.62,14.62,21.61,554.14,2388.0,9055.28,1.3,47.19,522.31,2388.03,8136.97,8.3959,0.03,391,2388,100.0,38.99,23.4883
2,26,-0.0011,0.0003,100.0,518.67,641.87,1575.38,1392.3,14.62,21.61,554.03,2387.98,9050.81,1.3,47.12,522.8,2388.0,8137.27,8.3472,0.03,391,2388,100.0,38.96,23.4691
2,27,0.0006,0.0005,100.0,518.67,642.12,1585.44,1402.31,14.62,21.61,555.16,2388.03,9058.01,1.3,47.03,522.11,2388.06,8137.73,8.4077,0.03,392,2388,100.0,38.96,23.4275
2,28,0.0037,0.0005,100.0,518.67,642.04,1581.6,1397.45,14.62,21.61,554.77,2387.99,9053.78,1.3,46.99,522.68,2387.93,8136.55,8.3734,0.03,390,2388,100.0,38.95,23.4395
2,29,-0.0032,-0.0003,100.0,518.67,642.08,1583.78,1398.08,14.62,21.61,554.75,2388.0,9055.84,1.3,47.11,522.26,2388.02,8140.77,8.37,0.03,390,2388,100.0,38.97,23.4249
2,30,0.0012,0.0,100.0,518.67,641.78,1590.32,1395.07,14.62,21.61,554.62,2387.98,9050.8,1.3,47.2,522.43,2388.0,8136.63,8.419,0.03,391,2388,100.0,39.1,23.3985
2,31,-0.0009,0.0005,100.0,518.67,641.97,1579.86,1390.94,14.62,21.61,554.8,2388.0,9049.93,1.3,47.05,522.17,2388.04,8131.62,8.4393,0.03,391,2388,100.0,39.17,23.4154
2,32,0.0013,-0.0001,100.0,518.67,641.58,1584.52,1391.11,14.62,21.61,554.56,2387.98,9045.87,1.3,47.12,522.54,2387.98,8138.76,8.3783,0.03,390,2388,100.0,38.97,23.4006
2,33,-0.0032,0.0004,100.0,518.67,641.79,1585.17,1396.15,14.62,21.61,553.62,2388.01,9051.18,1.3,47.09,522.26,2387.99,8133.62,8.4102,0.03,392,2388,100.0,39.01,23.4434
2,34,0.0042,0.0003,100.0,518.67,642.12,1584.08,1394.24,14.62,21.61,555.09,2388.0,9059.29,1.3,47.22,522.64,2387.96,8139.8,8.4188,0.03,390,2388,100.0,38.87,23.4571
2,35,0.002,0.0002,100.0,518.67,641.37,1575.73,1392.55,14.62,21.61,554.73,2388.02,9057.34,1.3,47.25,522.0,2388.0,8142.08,8.4164,0.03,394,2388,100.0,39.06,23.5283
2,36,0.0013,0.0004,100.0,518.67,641.27,1581.56,1397.13,14.62,21.61,554.59,2388.02,9055.79,1.3,47.21,522.32,2388.0,8142.06,8.3709,0.03,391,2388,100.0,39.12,23.3881
2,37,0.005,0.0005,100.0,518.67,642.1,1585.63,1396.29,14.62,21.61,555.01,2388.04,9058.16,1.3,47.16,522.69,2388.02,8136.08,8.3609,0.03,391,2388,100.0,39.08,23.4047
2,38,0.0013,0.0005,100.0,518.67,642.22,1585.15,1397.75,14.62,21.61,554.21,2388.0,9055.35,1.3,47.22,522.13,2388.05,8134.91,8.4069,0.03,390,2388,100.0,39.09,23.4191
2,39,-0.0018,0.0005,100.0,518.67,642.0,1585.69,1391.49,14.62,21.61,554.05,2388.0,9061.16,1.3,47.2,522.79,2388.05,8138.78,8.3755,0.03,391,2388,100.0,39.02,23.4489
2,40,0.0005,0.0005,100.0,518.67,642.02,1582.69,1398.38,14.62,21.61,554.07,2388.03,9046.96,1.3,47.22,522.3,2388.01,8137.16,8.401,0.03,391,2388,100.0,38.84,23.4402
2,41,0.0015,0.0006,100.0,518.67,642.41,1578.97,1398.74,14.62,21.61,554.34,2388.04,9053.6,1.3,47.26,522.22,2388.01,8140.84,8.3856,0.03,392,2388,100.0,38.94,23.3071
2,42,0.0016,0.0005,100.0,518.67,642.27,1579.21,1392.13,14.62,21.61,553.98,2387.97,9046.36,1.3,47.14,522.87,2388.0,8135.3,8.3449,0.03,392,2388,100.0,39.08,23.4631
2,43,0.0027,0.0,100.0,518.67,642.02,1580.59,1391.6,14.62,21.61,554.14,2388.04,9053.65,1.3,47.08,522.9,2388.02,8135.14,8.4144,0.03,392,2388,100.0,38.92,23.4966
2,44,0.0003,0.0003,100.0,518.67,642.01,1584.33,1398.69,14.62,21.61,554.16,2388.04,9057.05,1.3,47.22,522.77,2388.06,8137.23,8.4087,0.03,392,2388,100.0,39.03,23.4546
2,45,-0.0014,-0.0002,100.0,518.67,642.05,1586.41,1397.6,14.62,21.61,554.2,2388.05,9060.38,1.3,47.17,522.27,2388.0,8141.93,8.3847,0.03,390,2388,100.0,38.99,23.4284
2,46,0.0002,-0.0003,100.0,518.67,642.15,1575.45,1392.6,14.62,21.61,554.54,2388.0,9053.33,1.3,47.19,522.08,2388.05,8140.52,8.3994,0.03,390,2388,100.0,38.93,23.5041
2,47,0.0021,0.0003,100.0,518.67,642.4,1583.85,1396.46,14.62,21.61,554.96,2388.04,9046.52,1.3,47.03,522.73,2388.0,8136.97,8.3756,0.03,391,2388,100.0,38.89,23.3447
2,48,0.0006,-0.0001,100.0,518.67,642.09,1586.71,1397.95,14.62,21.61,554.67,2387.99,9057.73,1.3,47.18,522.41,2387.98,8134.97,8.3821,0.03,392,2388,100.0,39.23,23.4336
2,49,-0.0006,0.0005,100.0,518.67,642.85,1583.86,1396.5,14.62,21.61,554.04,2388.04,9049.11,1.3,47.18,522.83,2387.99,8135.93,8.4024,0.03,390,2388,100.0,39.17,23.4871
2,50,-0.0002,-0.0004,100.0,518.67,642.02,1577.86,1399.78,14.62,21.61,554.73,2388.0,9051.65,1.3,47.16,522.16,2388.05,8138.46,8.4042,0.03,391,2388,100.0,39.1,23.353
2,51,0.0008,0.0003,100.0,518.67,642.03,1585.34,1393.06,14.62,21.61,555.02,2388.02,9055.92,1.3,47.03,522.34,2388.01,8137.89,8.3731,0.03,392,2388,100.0,38.9,23.3239
2,52,-0.001,-0.0001,100.0,518.67,641.52,1588.48,1401.66,14.62,21.6,554.76,2388.0,9056.25,1.3,47.09,522.58,2388.01,8134.22,8.4064,0.03,392,2388,100.0,39.08,23.3668
2,53,-0.0023,-0.0001,100.0,518.67,642.0,1584.9,1397.09,14.62,21.61,554.33,2388.05,9051.78,1.3,46.98,522.73,2388.01,8137.95,8.411,0.03,391,2388,100.0,38.95,23.5307
2,54,0.0004,-0.0003,100.0,518.67,641.58,1583.46,1405.33,14.62,21.61,554.42,2388.01,9046.85,1.3,47.1,522.48,2387.99,8141.65,8.4057,0.03,392,2388,100.0,39.13,23.3626
2,55,-0.0035,-0.0004,100.0,518.67,642.33,1585.59,1387.16,14.62,21.6,554.54,2388.02,9044.62,1.3,47.18,522.7,2388.02,8134.65,8.4077,0.03,392,2388,100.0,39.11,23.3779
2,56,-0.0035,0.0002,100.0,518.67,641.84,1587.04,1388.97,14.62,21.61,554.72,2388.02,9052.27,1.3,47.03,522.1,2388.01,8139.72,8.393,0.03,391,2388,100.0,39.1,23.3796
2,57,-0.0003,-0.0001,100.0,518.67,642.5,1584.13,1389.62,14.62,21.61,553.87,2388.05,9052.86,1.3,47.17,521.98,2387.96,8136.88,8.4008,0.03,391,2388,100.0,39.23,23.4544
2,58,-0.0,-0.0002,100.0,518.67,642.3,1582.93,1389.91,14.62,21.61,554.46,2388.03,9047.75,1.3,47.3,522.24,2387.98,8134.92,8.3731,0.03,391,2388,100.0,39.15,23.3861
